상권배후지_코드,총_직장_인구_수,남성_직장_인구_수,여성_직장_인구_수,연령대_10_직장_인구_수,연령대_20_직장_인구_수,연령대_30_직장_인구_수,연령대_40_직장_인구_수,연령대_50_직장_인구_수,연령대_60_이상_직장_인구_수,남성연령대_10_직장_인구_수,남성연령대_20_직장_인구_수,남성연령대_30_직장_인구_수,남성연령대_40_직장_인구_수,남성연령대_50_직장_인구_수,남성연령대_60_이상_직장_인구_수,여성연령대_10_직장_인구_수,여성연령대_20_직장_인구_수,여성연령대_30_직장_인구_수,여성연령대_40_직장_인구_수,여성연령대_50_직장_인구_수,여성연령대_60_이상_직장_인구_수
3130201,27,17,10,0,2,8,10,7,0,0,0,7,6,4,0,0,2,1,4,3,0
3110804,312,187,125,0,15,37,62,63,135,0,4,15,29,35,104,0,11,22,33,28,31
3110510,100,59,41,0,10,14,33,27,16,0,5,6,22,14,12,0,5,8,11,13,4
3130221,188,69,119,0,22,32,50,57,27,0,5,5,15,22,22,0,17,27,35,35,5
3110658,253,153,100,0,21,55,62,69,46,0,10,35,36,44,28,0,11,20,26,25,18
3130180,59,34,25,0,13,11,15,6,14,0,4,4,11,5,10,0,9,7,4,1,4
3110521,63,36,27,0,4,7,19,17,16,0,0,4,10,9,13,0,4,3,9,8,3
3130142,7,5,2,0,1,1,0,2,3,0,0,1,0,2,2,0,1,0,0,0,1
3110721,215,104,111,1,6,36,42,42,88,0,2,19,17,22,44,1,4,17,25,20,44
3110529,125,58,67,0,13,20,27,25,40,0,2,5,8,14,29,0,11,15,19,11,11
3130177,44,7,37,0,1,1,8,7,27,0,0,0,1,3,3,0,1,1,7,4,24
3110589,46,13,33,0,3,3,15,11,14,0,0,1,4,6,2,0,3,2,11,5,12
3110703,307,192,115,4,28,54,91,77,53,3,16,30,54,49,40,1,12,24,37,28,13
3130195,1040,502,538,2,201,267,226,153,191,1,86,132,121,88,74,1,115,135,105,65,117
3130186,143,53,90,0,9,23,40,41,30,0,6,11,14,10,12,0,3,12,26,31,18
3110706,410,100,310,0,122,101,101,68,18,0,22,20,28,20,10,0,100,81,73,48,8
3110701,567,379,188,2,126,185,125,92,37,0,81,133,82,54,29,2,45,52,43,38,8
3110542,3997,2442,1555,16,527,714,775,1304,661,9,297,578,604,586,368,7,230,136,171,718,293
3110709,185,108,77,0,19,22,56,51,37,0,14,13,36,29,16,0,5,9,20,22,21
3120098,8846,5391,3455,19,1691,3228,2856,875,177,11,813,1995,1821,616,135,8,878,1233,1035,259,42
3110561,395,247,148,4,59,102,94,89,47,2,21,56,64,68,36,2,38,46,30,21,11
3130191,367,225,142,6,65,65,81,82,68,4,40,41,54,47,39,2,25,24,27,35,29
3110552,637,465,172,1,110,159,145,158,64,0,72,120,98,128,47,1,38,39,47,30,17
3110553,281,167,114,0,26,51,79,81,44,0,16,28,44,43,36,0,10,23,35,38,8
3110570,61,39,22,0,4,22,18,12,5,0,4,13,10,7,5,0,0,9,8,5,0
3130193,34,19,15,0,4,7,12,5,6,0,1,5,5,4,4,0,3,2,7,1,2
3110624,379,232,147,0,93,117,75,63,31,0,40,79,46,48,19,0,53,38,29,15,12
3110626,652,271,381,1,127,138,149,147,90,0,37,57,76,63,38,1,90,81,73,84,52
3110620,458,241,217,4,51,85,105,125,88,4,20,48,50,65,54,0,31,37,55,60,34
3120111,1828,710,1118,1,551,601,341,219,115,0,101,248,161,116,84,1,450,353,180,103,31
3130202,40,13,27,0,3,4,13,16,4,0,2,0,3,6,2,0,1,4,10,10,2
3110606,544,307,237,1,49,83,152,152,107,1,26,44,84,72,80,0,23,39,68,80,27
3110613,80,20,60,0,8,25,24,19,4,0,2,6,7,4,1,0,6,19,17,15,3
3110657,3180,2118,1062,12,334,603,741,695,795,8,191,396,493,385,645,4,143,207,248,310,150
3110648,13,5,8,0,1,7,1,3,1,0,0,3,1,1,0,0,1,4,0,2,1
3110671,4521,2889,1632,8,1208,1381,956,636,332,2,375,916,788,522,286,6,833,465,168,114,46
3130214,119,44,75,2,23,18,25,33,18,0,6,7,9,13,9,2,17,11,16,20,9
3110668,471,278,193,0,55,70,139,127,80,0,22,33,81,77,65,0,33,37,58,50,15
3110646,754,384,370,1,92,113,198,187,163,1,26,47,97,99,114,0,66,66,101,88,49
3110716,666,398,268,1,132,256,164,77,36,0,39,154,115,60,30,1,93,102,49,17,6
3120125,9531,6476,3055,29,1115,2177,2439,2305,1466,14,646,1505,1615,1580,1116,15,469,672,824,725,350
3110693,17,9,8,0,1,3,5,4,4,0,1,3,2,2,1,0,0,0,3,2,3
3110741,444,159,285,0,69,117,96,108,54,0,43,35,26,33,22,0,26,82,70,75,32
3110789,491,182,309,0,104,137,115,93,42,0,16,44,49,43,30,0,88,93,66,50,12
3110769,42,12,30,0,6,8,12,10,6,0,0,3,4,3,2,0,6,5,8,7,4
3130244,94,39,55,3,15,16,21,16,23,2,10,8,10,5,4,1,5,8,11,11,19
3110772,94,55,39,0,9,15,22,26,22,0,5,8,12,19,11,0,4,7,10,7,11
3110785,161,84,77,2,13,17,39,44,46,2,8,12,24,14,24,0,5,5,15,30,22
3110761,180,106,74,0,13,43,45,41,38,0,8,17,26,25,30,0,5,26,19,16,8
3130245,675,567,108,1,61,189,238,136,50,0,41,148,217,115,46,1,20,41,21,21,4
3110758,296,221,75,1,44,77,70,67,37,0,32,60,46,52,31,1,12,17,24,15,6
3110815,2250,791,1459,4,426,519,477,509,315,0,88,197,168,172,166,4,338,322,309,337,149
3110787,171,122,49,0,19,35,47,42,28,0,8,25,36,31,22,0,11,10,11,11,6
3110780,223,171,52,0,22,42,71,56,32,0,18,34,51,41,27,0,4,8,20,15,5
3120150,8614,5431,3183,45,1167,2157,2997,1883,365,18,610,1437,1563,1568,235,27,557,720,1434,315,130
3120144,2017,1073,944,1,254,395,508,598,261,1,142,276,289,230,135,0,112,119,219,368,126
3110808,67,48,19,0,3,22,21,13,8,0,3,15,14,9,7,0,0,7,7,4,1
3110832,491,269,222,0,54,105,122,153,57,0,24,64,85,70,26,0,30,41,37,83,31
3130266,2,1,1,0,0,0,2,0,0,0,0,0,1,0,0,0,0,0,1,0,0
3110822,313,131,182,0,57,71,68,76,41,0,13,28,34,35,21,0,44,43,34,41,20
3110850,969,487,482,4,217,207,185,162,194,1,54,88,92,95,157,3,163,119,93,67,37
3130273,141,63,78,0,21,36,45,22,17,0,3,19,20,8,13,0,18,17,25,14,4
3130260,70,31,39,0,8,22,15,15,10,0,0,7,7,10,7,0,8,15,8,5,3
3130281,1,0,1,0,0,0,1,0,0,0,0,0,0,0,0,0,0,0,1,0,0
3110859,182,113,69,0,11,32,42,52,45,0,0,21,27,30,35,0,11,11,15,22,10
3110886,184,103,81,1,38,50,41,34,20,1,18,28,21,23,12,0,20,22,20,11,8
3110880,995,275,720,0,379,296,157,128,35,0,78,87,66,33,11,0,301,209,91,95,24
3110888,94,53,41,0,5,9,11,22,47,0,3,2,4,6,38,0,2,7,7,16,9
3110896,202,49,153,0,41,37,44,47,33,0,5,7,11,13,13,0,36,30,33,34,20
3110948,57,27,30,0,5,24,14,11,3,0,4,12,6,2,3,0,1,12,8,9,0
3120165,3467,2266,1201,11,605,1119,949,516,267,3,277,716,707,369,194,8,328,403,242,147,73
3110921,506,312,194,7,63,70,115,134,117,2,30,43,80,86,71,5,33,27,35,48,46
3110907,775,476,299,8,119,165,211,143,129,5,54,100,118,95,104,3,65,65,93,48,25
3110912,210,128,82,3,33,45,53,42,34,2,16,27,39,21,23,1,17,18,14,21,11
3110933,679,60,619,0,344,156,86,63,30,0,10,15,15,5,15,0,334,141,71,58,15
3120172,10241,5712,4529,53,2062,2700,2445,1945,1036,33,854,1635,1489,1004,697,20,1208,1065,956,941,339
3110935,379,264,115,2,53,108,105,72,39,2,33,82,75,46,26,0,20,26,30,26,13
3120192,27363,18865,8498,72,5748,8234,6678,4352,2279,37,3275,5587,5090,3174,1702,35,2473,2647,1588,1178,577
3110984,1556,1046,510,2,236,342,331,306,339,0,140,241,211,199,255,2,96,101,120,107,84
3120190,11725,6199,5526,44,3417,3232,2506,1512,1014,14,1228,1650,1567,988,752,30,2189,1582,939,524,262
3120196,9664,5880,3784,15,1699,2887,2578,1611,874,2,596,1519,1718,1320,725,13,1103,1368,860,291,149
3120200,9363,3808,5555,26,2868,3075,1848,1005,541,9,654,1122,937,687,399,17,2214,1953,911,318,142
3120223,9166,5574,3592,20,1785,2926,2736,1401,298,4,1102,2061,1597,609,201,16,683,865,1139,792,97
3110975,10837,6932,3905,34,2175,2199,3202,3019,208,21,1010,1161,2184,2402,154,13,1165,1038,1018,617,54
3110974,278,168,110,3,58,66,85,43,23,3,25,39,59,27,15,0,33,27,26,16,8
3120188,8579,3750,4829,134,2204,2146,1550,1314,1231,47,698,969,897,556,583,87,1506,1177,653,758,648
3120180,2562,2146,416,13,637,812,554,409,137,10,466,711,481,363,115,3,171,101,73,46,22
3120202,11735,6075,5660,41,2963,4419,2469,1425,418,11,793,2184,1593,1195,299,30,2170,2235,876,230,119
3110971,1542,900,642,11,278,455,380,254,164,6,140,270,245,120,119,5,138,185,135,134,45
3120239,4595,2925,1670,17,840,1205,1156,897,480,11,447,798,824,483,362,6,393,407,332,414,118
3120241,1197,650,547,5,110,221,296,277,288,2,80,152,161,83,172,3,30,69,135,194,116
3111026,2257,1479,778,7,430,626,537,409,248,3,235,420,381,229,211,4,195,206,156,180,37
3111017,272,183,89,0,40,62,62,63,45,0,14,42,42,45,40,0,26,20,20,18,5
3111010,1512,1031,481,3,181,309,376,339,304,1,98,190,261,234,247,2,83,119,115,105,57
3111040,346,137,209,0,26,86,124,77,33,0,9,27,48,30,23,0,17,59,76,47,10
3111034,1465,1038,427,3,253,373,355,322,159,3,163,257,267,226,122,0,90,116,88,96,37
3111030,665,419,246,1,57,107,147,217,136,0,28,68,94,128,101,1,29,39,53,89,35
3120225,5597,3589,2008,25,909,1191,1223,1162,1087,3,464,712,794,811,805,22,445,479,429,351,282
3111085,800,452,348,0,68,111,152,196,273,0,35,72,80,84,181,0,33,39,72,112,92
3111077,1272,737,535,4,121,258,294,321,274,1,49,138,167,188,194,3,72,120,127,133,80
3130324,154,85,69,3,27,32,47,40,5,2,13,18,31,19,2,1,14,14,16,21,3
3120245,1884,1135,749,7,312,460,446,371,288,6,169,309,271,195,185,1,143,151,175,176,103
3111076,297,174,123,0,25,49,61,86,76,0,14,24,34,39,63,0,11,25,27,47,13
3111080,434,235,199,0,44,77,100,110,103,0,12,52,63,58,50,0,32,25,37,52,53
3130320,173,97,76,1,16,29,50,31,46,1,5,12,31,19,29,0,11,17,19,12,17
3130002,564,392,172,4,56,109,120,121,154,0,26,74,75,90,127,4,30,35,45,31,27
3110037,208,124,84,0,16,46,51,61,34,0,6,20,32,41,25,0,10,26,19,20,9
3120014,4887,2839,2048,375,1123,1351,1205,597,236,112,456,860,851,397,163,263,667,491,354,200,73
3110029,247,68,179,0,11,34,64,82,56,0,1,8,25,21,13,0,10,26,39,61,43
3110021,395,301,94,2,16,44,110,145,78,2,7,29,89,124,50,0,9,15,21,21,28
3130032,167,123,44,0,3,25,47,54,38,0,3,16,35,40,29,0,0,9,12,14,9
3110056,514,293,221,0,62,129,118,115,90,0,31,63,69,72,58,0,31,66,49,43,32
3120027,18097,8477,9620,67,2695,5851,6070,3074,340,9,859,2588,2522,2321,178,58,1836,3263,3548,753,162
3130054,374,266,108,0,25,80,116,106,47,0,18,60,77,74,37,0,7,20,39,32,10
3110050,306,229,77,0,34,81,75,74,42,0,21,59,60,56,33,0,13,22,15,18,9
3110042,683,424,259,3,91,156,195,166,72,0,37,89,131,121,46,3,54,67,64,45,26
3110088,101,51,50,0,22,20,19,15,25,0,9,9,8,8,17,0,13,11,11,7,8
3110090,3968,2447,1521,1,446,1358,1632,500,31,1,173,548,1231,467,27,0,273,810,401,33,4
3110063,530,347,183,8,47,104,139,132,100,6,25,71,93,87,65,2,22,33,46,45,35
3120040,8008,5959,2049,43,1387,2728,2220,1237,393,30,880,2009,1728,997,315,13,507,719,492,240,78
3110058,1189,857,332,10,168,333,362,206,110,3,77,243,278,166,90,7,91,90,84,40,20
3110087,329,113,216,0,151,130,29,10,9,0,26,52,19,8,8,0,125,78,10,2,1
3110067,1547,895,652,1,215,370,383,320,258,0,84,173,199,225,214,1,131,197,184,95,44
3120047,2290,1458,832,11,366,751,623,343,196,9,152,461,438,249,149,2,214,290,185,94,47
3110098,242,91,151,0,57,85,68,23,9,0,15,22,34,15,5,0,42,63,34,8,4
3110096,502,337,165,3,155,183,85,47,29,3,89,132,63,26,24,0,66,51,22,21,5
3130063,30,21,9,0,2,4,5,9,10,0,1,3,4,7,6,0,1,1,1,2,4
3110119,127,89,38,0,17,26,32,26,26,0,12,22,19,18,18,0,5,4,13,8,8
3110131,4798,3110,1688,15,902,1536,1123,699,523,9,460,993,777,497,374,6,442,543,346,202,149
3110134,771,587,184,4,65,108,185,252,157,4,38,78,143,200,124,0,27,30,42,52,33
3110136,4745,2743,2002,43,1169,1097,978,875,583,32,439,633,615,593,431,11,730,464,363,282,152
3110100,37,26,11,0,5,17,8,5,2,0,0,14,6,4,2,0,5,3,2,1,0
3110118,697,487,210,1,90,182,204,129,91,0,62,110,144,93,78,1,28,72,60,36,13
3120061,1094,864,230,1,228,403,324,95,43,0,165,326,290,55,28,1,63,77,34,40,15
3120056,1879,884,995,6,322,352,510,413,276,6,105,129,223,246,175,0,217,223,287,167,101
3120059,3277,1779,1498,6,431,676,553,747,864,4,244,472,365,322,372,2,187,204,188,425,492
3110149,122,72,50,0,15,21,31,23,32,0,8,13,19,7,25,0,7,8,12,16,7
3110155,8356,7701,655,0,240,853,2408,4046,809,0,172,765,2256,3748,760,0,68,88,152,298,49
3110139,204,116,88,0,13,28,53,51,59,0,3,14,32,25,42,0,10,14,21,26,17
3130077,31,19,12,0,11,7,8,5,0,0,6,5,4,4,0,0,5,2,4,1,0
3110167,380,223,157,2,22,56,99,112,89,0,9,20,52,64,78,2,13,36,47,48,11
3110176,791,439,352,1,84,212,229,173,92,1,32,119,126,91,70,0,52,93,103,82,22
3110204,411,268,143,3,83,97,82,89,57,3,57,64,46,58,40,0,26,33,36,31,17
3110226,1882,1005,877,2,147,247,333,512,641,2,87,148,213,253,302,0,60,99,120,259,339
3110211,626,445,181,1,66,101,170,194,94,0,45,73,129,143,55,1,21,28,41,51,39
3110207,33,21,12,0,4,10,6,5,8,0,2,8,3,3,5,0,2,2,3,2,3
3130086,1184,651,533,4,113,208,305,341,213,0,56,128,165,181,121,4,57,80,140,160,92
3130087,28,20,8,0,5,3,8,7,5,0,3,2,6,5,4,0,2,1,2,2,1
3110198,67,26,41,0,1,0,18,37,11,0,0,0,8,10,8,0,1,0,10,27,3
3110200,74,50,24,0,1,6,21,13,33,0,0,1,11,6,32,0,1,5,10,7,1
3130115,307,106,201,2,80,61,68,64,32,0,29,11,30,20,16,2,51,50,38,44,16
3110256,477,321,156,2,56,66,82,140,131,1,21,35,45,109,110,1,35,31,37,31,21
3110266,225,182,43,0,10,31,38,79,67,0,1,19,30,69,63,0,9,12,8,10,4
3110236,1015,836,179,0,185,302,228,255,45,0,135,246,194,228,33,0,50,56,34,27,12
3110267,139,49,90,1,15,28,50,28,17,1,2,10,19,13,4,0,13,18,31,15,13
3110234,96,41,55,0,15,16,23,25,17,0,2,5,10,14,10,0,13,11,13,11,7
3130121,88,19,69,0,36,24,10,8,10,0,2,5,3,2,7,0,34,19,7,6,3
3110321,58,14,44,0,0,4,13,18,23,0,0,4,4,4,2,0,0,0,9,14,21
3110324,99,55,44,0,31,21,19,18,10,0,9,10,13,14,9,0,22,11,6,4,1
3110298,77,28,49,0,18,11,24,12,12,0,3,5,7,5,8,0,15,6,17,7,4
3110314,949,699,250,1,127,271,223,286,41,0,72,206,162,231,28,1,55,65,61,55,13
3110365,341,83,258,0,17,21,44,63,196,0,5,12,15,17,34,0,12,9,29,46,162
3110368,199,178,21,0,9,16,39,71,64,0,5,11,34,66,62,0,4,5,5,5,2
3110352,275,112,163,0,23,49,101,79,23,0,11,22,37,29,13,0,12,27,64,50,10
3110349,83,67,16,0,6,4,21,33,19,0,5,3,12,28,19,0,1,1,9,5,0
3110367,1943,976,967,5,195,512,483,522,226,4,64,205,237,340,126,1,131,307,246,182,100
3110339,11,6,5,0,2,2,5,0,2,0,0,2,3,0,1,0,2,0,2,0,1
3110346,96,48,48,0,12,13,19,19,33,0,3,7,8,7,23,0,9,6,11,12,10
3110395,163,42,121,0,17,20,44,42,40,0,0,2,11,9,20,0,17,18,33,33,20
3110403,316,167,149,1,44,56,63,78,74,1,30,37,36,36,27,0,14,19,27,42,47
3110393,49,13,36,0,2,10,17,15,5,0,0,0,4,6,3,0,2,10,13,9,2
3110398,474,326,148,0,30,65,96,153,130,0,11,27,50,124,114,0,19,38,46,29,16
3130150,84,47,37,0,19,30,14,8,13,0,7,20,9,5,6,0,12,10,5,3,7
3110401,243,65,178,0,29,32,38,87,57,0,4,14,14,22,11,0,25,18,24,65,46
3120084,712,546,166,3,33,59,110,240,267,1,11,22,63,205,244,2,22,37,47,35,23
3110419,695,462,233,5,94,131,159,180,126,5,49,76,108,130,94,0,45,55,51,50,32
3110425,136,59,77,2,18,12,36,40,28,2,5,7,19,15,11,0,13,5,17,25,17
3110421,249,109,140,0,22,37,78,65,47,0,8,16,31,26,28,0,14,21,47,39,19
3130167,632,234,398,1,143,140,156,118,74,1,30,48,57,51,47,0,113,92,99,67,27
3120088,799,279,520,2,86,117,175,272,147,2,30,65,68,59,55,0,56,52,107,213,92
3110473,436,241,195,0,34,59,113,107,123,0,24,27,53,49,88,0,10,32,60,58,35
3110487,63,35,28,0,11,22,15,8,7,0,6,11,7,8,3,0,5,11,8,0,4
3110480,161,51,110,0,16,35,52,35,23,0,3,9,17,12,10,0,13,26,35,23,13
3110474,119,55,64,0,7,33,28,23,28,0,2,14,11,8,20,0,5,19,17,15,8
3110482,11,7,4,0,0,0,4,6,1,0,0,0,3,3,1,0,0,0,1,3,0
3110455,690,369,321,2,73,120,187,203,105,0,37,64,89,109,70,2,36,56,98,94,35
3110470,93,65,28,0,7,17,34,25,10,0,5,10,26,19,5,0,2,7,8,6,5
3110475,245,127,118,1,23,44,76,70,31,1,10,24,44,29,19,0,13,20,32,41,12
3120089,5,1,4,0,0,0,1,2,2,0,0,0,0,1,0,0,0,0,1,1,2
3130173,5,3,2,0,0,1,0,2,2,0,0,1,0,0,2,0,0,0,0,2,0
3120096,493,210,283,1,81,137,130,86,58,0,27,52,48,43,40,1,54,85,82,43,18
3110532,328,204,124,0,52,33,46,78,119,0,17,13,22,57,95,0,35,20,24,21,24
3130178,30,6,24,0,5,5,8,6,6,0,1,0,3,0,2,0,4,5,5,6,4
3110512,335,165,170,0,40,62,102,99,32,0,14,38,44,49,20,0,26,24,58,50,12
3110536,141,105,36,0,12,23,61,32,13,0,7,17,50,21,10,0,5,6,11,11,3
3110534,157,88,69,0,10,29,28,42,48,0,7,20,14,19,28,0,3,9,14,23,20
3110516,227,101,126,0,35,40,62,65,25,0,17,18,27,23,16,0,18,22,35,42,9
3110527,185,89,96,1,36,40,36,40,32,1,11,26,15,21,15,0,25,14,21,19,17
3110572,470,254,216,1,63,130,117,116,43,1,32,67,58,66,30,0,31,63,59,50,13
3110575,208,157,51,2,25,48,36,49,48,2,11,35,25,41,43,0,14,13,11,8,5
3120100,846,397,449,4,199,227,191,137,88,2,52,99,101,94,49,2,147,128,90,43,39
3130185,190,123,67,1,26,69,53,25,16,1,14,43,35,16,14,0,12,26,18,9,2
3110547,284,168,116,0,13,47,93,76,55,0,4,25,55,45,39,0,9,22,38,31,16
3130183,816,607,209,1,89,204,283,187,52,0,49,150,227,143,38,1,40,54,56,44,14
3110569,358,153,205,2,62,108,97,53,36,1,18,48,46,19,21,1,44,60,51,34,15
3110554,1579,777,802,2,213,371,508,350,135,2,105,188,241,156,85,0,108,183,267,194,50
3110551,803,387,416,1,110,164,235,172,121,1,42,90,114,81,59,0,68,74,121,91,62
3130198,203,45,158,1,51,84,52,10,5,0,8,5,26,4,2,1,43,79,26,6,3
3110550,1578,740,838,1,240,411,414,333,179,0,84,165,221,171,99,1,156,246,193,162,80
3110546,732,436,296,3,189,254,157,76,53,3,81,126,120,62,44,0,108,128,37,14,9
3120114,13498,9371,4127,46,2070,3798,3444,2895,1245,29,1126,2619,2554,2204,839,17,944,1179,890,691,406
3110619,311,203,108,1,51,87,89,64,19,1,16,52,58,57,19,0,35,35,31,7,0
3110607,47,29,18,0,1,10,11,14,11,0,1,4,5,10,9,0,0,6,6,4,2
3110608,875,454,421,1,51,116,229,273,205,1,23,69,117,127,117,0,28,47,112,146,88
3110647,899,461,438,2,117,230,224,230,96,1,44,138,111,116,51,1,73,92,113,114,45
3110594,357,182,175,0,35,116,89,85,32,0,10,41,50,52,29,0,25,75,39,33,3
3130205,141,103,38,1,17,36,39,32,16,0,10,27,33,18,15,1,7,9,6,14,1
3110602,674,584,90,1,8,23,81,250,311,0,4,14,55,218,293,1,4,9,26,32,18
3110600,350,263,87,0,32,30,66,101,121,0,17,14,38,79,115,0,15,16,28,22,6
3110610,126,85,41,0,5,11,41,44,25,0,3,6,28,35,13,0,2,5,13,9,12
3110616,161,103,58,0,3,23,19,40,76,0,2,18,14,32,37,0,1,5,5,8,39
3110611,289,192,97,2,34,57,88,74,34,2,20,42,52,46,30,0,14,15,36,28,4
3110635,1451,391,1060,4,64,82,162,479,660,1,43,58,63,33,193,3,21,24,99,446,467
3120122,2179,1231,948,4,314,461,494,447,459,2,103,228,271,262,365,2,211,233,223,185,94
3110638,372,202,170,3,53,75,88,87,66,3,22,40,44,43,50,0,31,35,44,44,16
3110650,143,116,27,0,23,30,51,20,19,0,15,25,42,17,17,0,8,5,9,3,2
3110702,131,93,38,1,15,18,33,34,30,1,10,13,23,24,22,0,5,5,10,10,8
3130227,33,14,19,0,4,6,10,8,5,0,0,1,5,5,3,0,4,5,5,3,2
3110699,136,79,57,0,14,22,29,43,28,0,7,14,13,24,21,0,7,8,16,19,7
3120129,48873,32033,16840,196,10422,16630,12386,5777,3462,127,5285,11083,8771,3995,2772,69,5137,5547,3615,1782,690
3110712,233,108,125,1,32,36,66,64,34,0,10,17,24,32,25,1,22,19,42,32,9
3110720,228,87,141,0,27,50,65,49,37,0,11,14,18,17,27,0,16,36,47,32,10
3130231,611,476,135,2,31,74,126,196,182,0,16,55,97,145,163,2,15,19,29,51,19
3110745,251,191,60,0,11,20,33,86,101,0,3,12,22,64,90,0,8,8,11,22,11
3120134,2014,1668,346,0,107,157,172,223,1355,0,44,75,96,153,1300,0,63,82,76,70,55
3110755,193,51,142,0,10,24,45,70,44,0,3,8,17,11,12,0,7,16,28,59,32
3120143,2671,1987,684,9,326,516,558,517,745,2,194,394,403,386,608,7,132,122,155,131,137
3110778,1596,862,734,0,248,459,484,224,181,0,122,281,192,136,131,0,126,178,292,88,50
3110771,955,604,351,0,22,38,128,210,557,0,21,30,73,131,349,0,1,8,55,79,208
3120139,3619,2404,1215,14,423,867,992,727,596,5,220,632,783,462,302,9,203,235,209,265,294
3110768,294,155,139,0,20,43,63,73,95,0,7,22,32,41,53,0,13,21,31,32,42
3110759,4221,2168,2053,9,521,838,1001,1281,571,5,266,553,595,462,287,4,255,285,406,819,284
3120152,578,278,300,1,66,127,150,148,86,1,22,63,80,70,42,0,44,64,70,78,44
3110818,20,9,11,0,1,3,7,7,2,0,1,3,2,1,2,0,0,0,5,6,0
3110856,538,295,243,3,58,85,170,150,72,1,28,44,99,71,52,2,30,41,71,79,20
3110874,46,15,31,1,4,19,7,12,3,1,1,3,3,6,1,0,3,16,4,6,2
3110879,17,7,10,0,2,3,5,5,2,0,1,2,2,2,0,0,1,1,3,3,2
3110885,339,213,126,0,37,58,94,88,62,0,18,33,61,56,45,0,19,25,33,32,17
3120157,637,257,380,1,96,116,146,139,139,0,19,40,82,49,67,1,77,76,64,90,72
3110858,66,33,33,0,5,9,17,7,28,0,0,1,6,2,24,0,5,8,11,5,4
3110872,279,196,83,3,54,68,69,54,31,3,36,54,54,42,7,0,18,14,15,12,24
3110855,429,275,154,2,53,111,126,90,47,0,22,81,83,55,34,2,31,30,43,35,13
3130276,39,27,12,0,1,2,13,11,12,0,0,2,7,9,9,0,1,0,6,2,3
3110947,112,45,67,0,18,17,27,18,32,0,8,9,14,7,7,0,10,8,13,11,25
3120177,694,436,258,1,84,187,202,143,77,0,34,111,130,106,55,1,50,76,72,37,22
3120187,13076,7778,5298,64,3624,3962,2984,1673,769,27,1516,2302,2121,1247,565,37,2108,1660,863,426,204
3110913,3293,2109,1184,7,571,1263,876,376,200,4,272,822,625,237,149,3,299,441,251,139,51
3110934,994,674,320,6,197,291,253,161,86,5,83,217,195,110,64,1,114,74,58,51,22
3110937,2465,1270,1195,7,634,861,542,318,103,6,246,507,335,113,63,1,388,354,207,205,40
3120183,3558,2626,932,12,586,972,848,551,589,10,364,717,638,413,484,2,222,255,210,138,105
3120205,13950,9370,4580,95,2838,4203,3126,1781,1907,44,1450,2959,2521,1302,1094,51,1388,1244,605,479,813
3120194,12628,8724,3904,37,2790,4202,2802,1923,874,14,1366,2863,2239,1588,654,23,1424,1339,563,335,220
3110955,3430,2238,1192,19,719,823,793,625,451,13,417,568,554,389,297,6,302,255,239,236,154
3130303,242,95,147,0,21,60,67,58,36,0,7,19,22,24,23,0,14,41,45,34,13
3120215,61667,40706,20961,170,9756,22506,18178,8408,2649,29,4305,14324,13853,6409,1786,141,5451,8182,4325,1999,863
3110992,2179,1144,1035,3,269,440,484,524,459,1,108,253,258,260,264,2,161,187,226,264,195
3110991,1246,794,452,1,111,415,339,275,105,1,28,243,229,216,77,0,83,172,110,59,28
3111000,39,20,19,0,7,10,12,8,2,0,0,4,10,4,2,0,7,6,2,4,0
3110999,268,130,138,2,19,43,44,83,77,1,12,27,27,39,24,1,7,16,17,44,53
3130302,58,33,25,0,13,15,14,8,8,0,7,10,9,2,5,0,6,5,5,6,3
3110963,779,545,234,1,126,183,226,154,89,0,79,144,171,97,54,1,47,39,55,57,35
3110967,377,228,149,0,63,92,89,92,41,0,31,51,60,56,30,0,32,41,29,36,11
3110972,2628,1440,1188,17,539,669,692,581,130,4,240,428,438,258,72,13,299,241,254,323,58
3110969,1546,1230,316,4,231,442,483,285,101,2,165,345,402,239,77,2,66,97,81,46,24
3130307,17,9,8,0,0,3,4,7,3,0,0,2,1,4,2,0,0,1,3,3,1
3110990,262,109,153,2,61,92,56,36,15,0,12,32,29,23,13,2,49,60,27,13,2
3110985,1338,948,390,0,193,447,374,226,98,0,98,346,275,157,72,0,95,101,99,69,26
3120231,5698,4083,1615,0,368,1051,1564,1654,1061,0,264,836,1185,1098,700,0,104,215,379,556,361
3120240,1609,1102,507,7,212,314,404,431,241,5,125,230,269,295,178,2,87,84,135,136,63
3111021,7683,5874,1809,22,793,1329,1979,2137,1423,15,391,912,1552,1769,1235,7,402,417,427,368,188
3111008,1551,1177,374,1,182,286,280,382,420,1,148,237,208,248,335,0,34,49,72,134,85
3111015,1352,778,574,1,151,315,350,351,184,1,72,199,216,181,109,0,79,116,134,170,75
3111016,3803,1601,2202,15,1126,1104,801,601,156,8,407,533,427,165,61,7,719,571,374,436,95
3111038,416,270,146,0,26,66,113,123,88,0,11,38,85,88,48,0,15,28,28,35,40
3111011,9608,7747,1861,42,1275,3018,2795,2046,432,18,924,2492,2309,1674,330,24,351,526,486,372,102
3111003,1996,1337,659,6,249,412,549,437,343,1,160,278,332,308,258,5,89,134,217,129,85
3130311,377,246,131,1,60,78,104,75,59,0,28,48,80,55,35,1,32,30,24,20,24
3130326,935,850,85,0,8,37,165,395,330,0,4,31,147,360,308,0,4,6,18,35,22
3111088,123,54,69,0,15,32,32,31,13,0,4,15,10,15,10,0,11,17,22,16,3
3111071,76,52,24,0,4,15,21,25,11,0,4,6,18,16,8,0,0,9,3,9,3
3111079,377,197,180,1,43,58,60,76,139,1,28,34,33,28,73,0,15,24,27,48,66
3111050,131,96,35,0,21,14,21,32,43,0,12,5,12,27,40,0,9,9,9,5,3
3120243,1395,637,758,6,189,265,331,296,308,2,64,109,143,126,193,4,125,156,188,170,115
3111062,751,501,250,5,134,198,194,144,76,5,81,139,126,91,59,0,53,59,68,53,17
3111066,417,255,162,3,46,103,101,113,51,0,14,53,66,91,31,3,32,50,35,22,20
3111052,357,228,129,1,26,71,117,94,48,1,11,47,76,58,35,0,15,24,41,36,13
3111069,79,54,25,0,8,17,17,26,11,0,4,12,14,14,10,0,4,5,3,12,1
3111048,183,101,82,3,18,52,44,42,24,2,10,24,26,23,16,1,8,28,18,19,8
3110003,607,337,270,7,78,120,167,167,68,6,35,45,103,96,52,1,43,75,64,71,16
3130020,407,177,230,5,154,93,73,58,24,5,43,31,45,32,21,0,111,62,28,26,3
3130005,133,93,40,0,7,34,35,21,36,0,5,23,28,8,29,0,2,11,7,13,7
3120004,12937,7078,5859,9,1442,4392,4485,2080,529,4,432,2050,2756,1493,343,5,1010,2342,1729,587,186
3130004,364,258,106,0,29,70,99,78,88,0,14,51,68,57,68,0,15,19,31,21,20
3130010,200,113,87,0,20,29,55,48,48,0,14,17,24,26,32,0,6,12,31,22,16
3110032,30,15,15,0,3,5,4,13,5,0,2,1,2,7,3,0,1,4,2,6,2
3001493,5916,2900,3016,36,1415,1672,1133,1020,640,13,536,733,643,584,391,23,879,939,490,436,249
3110049,2303,1240,1063,4,566,582,448,431,272,2,174,314,281,257,212,2,392,268,167,174,60
3120039,2348,1249,1099,31,795,488,410,342,282,11,348,245,228,226,191,20,447,243,182,116,91
3110041,967,435,532,2,118,152,175,254,266,2,51,69,83,87,143,0,67,83,92,167,123
3130052,479,342,137,0,106,156,101,61,55,0,80,110,57,45,50,0,26,46,44,16,5
3120036,2289,1090,1199,14,616,783,556,223,97,0,122,393,365,155,55,14,494,390,191,68,42
3110054,1542,854,688,3,259,378,315,340,247,1,90,204,220,215,124,2,169,174,95,125,123
3130056,65,34,31,0,7,15,18,10,15,0,4,6,7,6,11,0,3,9,11,4,4
3110080,311,168,143,0,53,71,88,58,41,0,18,40,52,31,27,0,35,31,36,27,14
3110065,137,92,45,0,17,45,48,17,10,0,9,37,31,10,5,0,8,8,17,7,5
3110579,750,563,187,2,54,162,247,219,66,1,37,124,188,165,48,1,17,38,59,54,18
3120046,2285,1299,986,24,818,684,339,224,196,15,389,422,205,137,131,9,429,262,134,87,65
3120044,1905,1415,490,5,357,534,461,374,174,5,220,403,384,278,125,0,137,131,77,96,49
3110123,511,382,129,0,42,56,91,185,137,0,21,36,63,141,121,0,21,20,28,44,16
3110121,45,30,15,0,3,10,8,11,13,0,2,5,5,7,11,0,1,5,3,4,2
3120049,1459,1004,455,1,183,301,377,468,129,1,92,187,272,371,81,0,91,114,105,97,48
3110127,290,157,133,0,31,55,56,100,48,0,11,40,31,47,28,0,20,15,25,53,20
3120051,3944,2582,1362,20,703,946,867,651,757,15,446,646,549,445,481,5,257,300,318,206,276
3130071,335,180,155,1,61,89,70,43,71,0,27,43,43,29,38,1,34,46,27,14,33
3110114,33,19,14,0,3,2,8,14,6,0,1,1,4,8,5,0,2,1,4,6,1
3110174,432,305,127,1,49,80,115,104,83,1,25,57,76,69,77,0,24,23,39,35,6
3110140,429,268,161,6,37,67,113,120,86,5,17,34,65,83,64,1,20,33,48,37,22
3110152,340,300,40,0,17,29,64,121,109,0,10,21,55,109,105,0,7,8,9,12,4
3110161,236,135,101,3,11,33,58,65,66,0,2,16,37,40,40,3,9,17,21,25,26
3130084,21,6,15,0,3,5,8,4,1,0,0,1,2,2,1,0,3,4,6,2,0
3110141,213,138,75,1,23,49,67,48,25,1,11,27,51,32,16,0,12,22,16,16,9
3110144,104,49,55,0,35,17,21,19,12,0,9,10,11,10,9,0,26,7,10,9,3
3130097,291,188,103,1,16,42,42,36,154,0,7,34,23,19,105,1,9,8,19,17,49
3110209,83,52,31,0,3,11,28,19,22,0,1,5,16,15,15,0,2,6,12,4,7
3130101,8,5,3,0,0,1,3,2,2,0,0,1,1,2,1,0,0,0,2,0,1
3110186,114,86,28,0,9,21,16,34,34,0,3,18,10,26,29,0,6,3,6,8,5
3110221,95,69,26,0,10,12,36,29,8,0,6,10,24,22,7,0,4,2,12,7,1
3110202,111,68,43,0,14,35,31,20,11,0,9,19,21,14,5,0,5,16,10,6,6
3110206,92,37,55,0,8,14,25,24,21,0,4,7,8,8,10,0,4,7,17,16,11
3130094,54,24,30,0,7,13,17,7,10,0,0,4,10,2,8,0,7,9,7,5,2
3130095,95,38,57,0,6,16,18,33,22,0,4,6,9,10,9,0,2,10,9,23,13
3110199,65,41,24,0,11,15,18,14,7,0,8,8,10,9,6,0,3,7,8,5,1
3110219,251,146,105,0,18,42,70,81,40,0,11,20,32,52,31,0,7,22,38,29,9
3110268,60,30,30,0,10,13,10,18,9,0,1,5,7,10,7,0,9,8,3,8,2
3130114,31,20,11,0,9,5,3,8,6,0,7,2,2,5,4,0,2,3,1,3,2
3110237,274,152,122,0,30,67,97,54,26,0,13,37,48,36,18,0,17,30,49,18,8
3110258,260,99,161,0,32,49,79,66,34,0,1,20,28,34,16,0,31,29,51,32,18
3110254,259,90,169,1,19,75,79,53,32,0,6,15,35,22,12,1,13,60,44,31,20
3110264,358,170,188,1,52,75,93,80,57,0,21,40,40,37,32,1,31,35,53,43,25
3110248,85,47,38,1,19,23,20,12,10,0,7,14,12,4,10,1,12,9,8,8,0
3110279,9,8,1,0,0,1,4,4,0,0,0,1,3,4,0,0,0,0,1,0,0
3110245,156,81,75,0,8,36,52,40,20,0,5,16,26,19,15,0,3,20,26,21,5
3130108,3,1,2,0,0,0,1,2,0,0,0,0,0,1,0,0,0,0,1,1,0
3110308,174,85,89,0,17,36,56,41,24,0,8,17,26,20,14,0,9,19,30,21,10
3120073,353,135,218,3,40,67,95,95,53,2,16,29,45,23,20,1,24,38,50,72,33
3110300,2735,1587,1148,3,248,710,769,844,161,2,97,300,444,629,115,1,151,410,325,215,46
3120072,1048,537,511,18,137,211,213,271,198,11,46,86,103,152,139,7,91,125,110,119,59
3110301,484,209,275,1,73,84,96,134,96,0,31,37,39,62,40,1,42,47,57,72,56
3130120,99,23,76,1,20,20,25,18,15,0,0,2,7,8,6,1,20,18,18,10,9
3110328,235,157,78,1,38,75,62,37,22,1,26,58,33,24,15,0,12,17,29,13,7
3130126,13,8,5,0,1,4,2,5,1,0,0,3,1,3,1,0,1,1,1,2,0
3130128,191,157,34,0,30,36,41,72,12,0,28,26,29,62,12,0,2,10,12,10,0
3110323,109,30,79,2,25,24,28,18,12,0,4,5,11,5,5,2,21,19,17,13,7
3110325,57,18,39,0,0,14,20,17,6,0,0,3,7,4,4,0,0,11,13,13,2
3110329,34,27,7,1,1,5,6,14,7,1,0,5,5,10,6,0,1,0,1,4,1
3110418,100,45,55,0,11,17,23,26,23,0,5,5,13,16,6,0,6,12,10,10,17
3110292,33,14,19,0,1,5,16,6,5,0,1,3,5,3,2,0,0,2,11,3,3
3110289,144,105,39,0,9,28,49,32,26,0,6,23,30,24,22,0,3,5,19,8,4
3110320,79,51,28,0,2,11,27,24,15,0,1,5,15,17,13,0,1,6,12,7,2
3110369,518,214,304,1,49,46,131,131,160,1,10,16,44,53,90,0,39,30,87,78,70
3110376,224,142,82,0,26,47,62,60,29,0,12,29,38,41,22,0,14,18,24,19,7
3130143,65,36,29,0,11,7,19,24,4,0,6,5,9,13,3,0,5,2,10,11,1
3130140,62,27,35,0,9,13,10,15,15,0,0,4,1,9,13,0,9,9,9,6,2
3110362,205,110,95,1,24,34,61,63,22,0,11,19,28,35,17,1,13,15,33,28,5
3110356,228,114,114,0,13,34,55,60,66,0,4,17,22,30,41,0,9,17,33,30,25
3130139,166,114,52,0,16,45,61,28,16,0,11,33,42,19,9,0,5,12,19,9,7
3110343,100,74,26,0,7,21,28,32,12,0,4,14,22,25,9,0,3,7,6,7,3
3110351,214,93,121,0,27,45,51,59,32,0,9,17,20,25,22,0,18,28,31,34,10
3110413,54,33,21,0,8,11,12,11,12,0,5,8,5,5,10,0,3,3,7,6,2
3110382,32,25,7,0,1,9,8,7,7,0,0,5,6,7,7,0,1,4,2,0,0
3130149,116,51,65,0,5,24,35,31,21,0,2,10,17,10,12,0,3,14,18,21,9
3130159,101,47,54,0,12,22,24,26,17,0,4,8,9,15,11,0,8,14,15,11,6
3110422,277,221,56,0,27,70,94,54,32,0,24,59,79,37,22,0,3,11,15,17,10
3120082,389,127,262,0,81,95,109,69,35,0,19,18,34,38,18,0,62,77,75,31,17
3110417,19,10,9,0,10,6,0,3,0,0,3,5,0,2,0,0,7,1,0,1,0
3120083,1184,787,397,0,166,325,271,283,139,0,114,228,171,179,95,0,52,97,100,104,44
3130155,3,2,1,0,0,1,0,2,0,0,0,1,0,1,0,0,0,0,0,1,0
3110430,275,100,175,0,18,28,58,96,75,0,8,7,19,25,41,0,10,21,39,71,34
3110441,138,72,66,0,12,28,33,41,24,0,7,20,15,21,9,0,5,8,18,20,15
3110427,363,281,82,0,27,27,62,126,121,0,12,14,31,109,115,0,15,13,31,17,6
3110477,434,205,229,0,43,62,106,141,82,0,15,23,49,71,47,0,28,39,57,70,35
3110476,56,26,30,0,2,8,22,17,7,0,1,3,9,7,6,0,1,5,13,10,1
3130169,67,31,36,0,5,11,21,23,7,0,1,3,11,11,5,0,4,8,10,12,2
3130171,155,54,101,0,18,31,24,37,45,0,4,9,11,16,14,0,14,22,13,21,31
3130160,7,2,5,0,0,2,1,2,2,0,0,0,0,1,1,0,0,2,1,1,1
3110499,263,119,144,0,42,42,74,65,40,0,8,20,31,35,25,0,34,22,43,30,15
3110503,230,123,107,0,27,52,59,64,28,0,9,30,26,36,22,0,18,22,33,28,6
3110533,22,11,11,0,5,5,3,5,4,0,0,2,2,4,3,0,5,3,1,1,1
3110537,1514,848,666,1,362,525,328,177,121,0,150,263,215,134,86,1,212,262,113,43,35
3110522,46,12,34,0,14,7,12,6,7,0,2,2,2,2,4,0,12,5,10,4,3
3130196,3948,2001,1947,52,1323,1296,891,287,99,28,467,646,599,181,80,24,856,650,292,106,19
3110541,377,221,156,0,43,59,101,96,78,0,23,37,63,50,48,0,20,22,38,46,30
3130190,150,77,73,1,55,35,30,18,11,0,18,22,18,10,9,1,37,13,12,8,2
3120102,7276,3402,3874,18,1521,2551,1814,899,473,11,496,1065,913,566,351,7,1025,1486,901,333,122
3110555,284,147,137,1,49,53,55,37,89,0,14,28,31,16,58,1,35,25,24,21,31
3110558,2362,1593,769,11,308,568,571,513,391,10,153,351,408,384,287,1,155,217,163,129,104
3130184,77,40,37,0,2,12,24,26,13,0,1,8,12,14,5,0,1,4,12,12,8
3110571,635,358,277,5,109,159,187,126,49,5,57,88,98,74,36,0,52,71,89,52,13
3110628,469,307,162,0,52,85,114,113,105,0,28,56,79,85,59,0,24,29,35,28,46
3130210,432,251,181,1,66,124,122,71,48,1,40,69,70,39,32,0,26,55,52,32,16
3120108,992,580,412,2,93,215,220,242,220,1,28,110,112,160,169,1,65,105,108,82,51
3110627,548,318,230,24,129,136,102,93,64,13,69,81,62,49,44,11,60,55,40,44,20
3130206,20,6,14,0,0,5,11,2,2,0,0,0,3,1,2,0,0,5,8,1,0
3110612,644,303,341,1,85,88,143,197,130,0,44,62,74,70,53,1,41,26,69,127,77
3110629,190,107,83,0,26,52,54,35,23,0,9,34,28,24,12,0,17,18,26,11,11
3130220,491,167,324,5,44,61,71,166,144,3,16,29,38,34,47,2,28,32,33,132,97
3120115,23,12,11,0,6,9,4,4,0,0,2,4,3,3,0,0,4,5,1,1,0
3110679,574,404,170,3,89,206,152,80,44,2,49,148,111,58,36,1,40,58,41,22,8
3110649,358,191,167,0,41,91,82,93,51,0,12,49,38,59,33,0,29,42,44,34,18
3110670,489,320,169,6,79,118,121,90,75,3,45,77,71,59,65,3,34,41,50,31,10
3110666,176,60,116,0,19,35,52,57,13,0,10,10,20,13,7,0,9,25,32,44,6
3110669,13,3,10,0,0,2,4,2,5,0,0,1,2,0,0,0,0,1,2,2,5
3110700,3249,2648,601,3,209,680,974,1176,207,2,119,533,803,1021,170,1,90,147,171,155,37
3120124,461,205,256,0,63,89,119,82,108,0,18,26,49,43,69,0,45,63,70,39,39
3130228,10,5,5,0,0,4,6,0,0,0,0,1,4,0,0,0,0,3,2,0,0
3120128,1253,656,597,7,191,318,382,243,112,1,75,153,191,149,87,6,116,165,191,94,25
3110725,85,59,26,0,6,20,22,20,17,0,3,15,16,12,13,0,3,5,6,8,4
3110735,520,330,190,0,64,115,140,140,61,0,31,79,94,79,47,0,33,36,46,61,14
3130233,76,47,29,0,5,8,18,22,23,0,2,3,9,12,21,0,3,5,9,10,2
3110736,461,199,262,0,46,55,76,118,166,0,21,32,35,42,69,0,25,23,41,76,97
3110746,76,53,23,0,5,11,23,22,15,0,3,9,13,16,12,0,2,2,10,6,3
3130237,39,26,13,0,1,6,11,9,12,0,0,2,7,8,9,0,1,4,4,1,3
3110766,360,205,155,0,30,82,85,99,64,0,15,54,42,56,38,0,15,28,43,43,26
3110777,282,210,72,0,36,41,47,83,75,0,13,30,32,66,69,0,23,11,15,17,6
3130255,45,29,16,0,1,7,5,10,22,0,1,5,3,4,16,0,0,2,2,6,6
3110788,28,22,6,0,4,5,7,9,3,0,3,5,6,6,2,0,1,0,1,3,1
3110783,292,154,138,1,26,37,35,67,126,1,19,27,16,33,58,0,7,10,19,34,68
3110799,119,86,33,5,21,16,11,22,44,3,12,10,6,15,40,2,9,6,5,7,4
3130265,115,82,33,0,17,48,34,8,8,0,12,42,23,3,2,0,5,6,11,5,6
3130263,13,4,9,0,0,3,4,6,0,0,0,0,1,3,0,0,0,3,3,3,0
3110821,599,356,243,0,73,109,142,137,138,0,34,65,80,89,88,0,39,44,62,48,50
3120155,107,54,53,0,13,27,24,25,18,0,7,8,13,14,12,0,6,19,11,11,6
3130268,239,104,135,0,33,60,53,58,35,0,12,23,23,24,22,0,21,37,30,34,13
3110836,3057,1846,1211,9,550,798,701,647,352,2,238,486,453,447,220,7,312,312,248,200,132
3110840,175,99,76,0,24,25,57,45,24,0,12,13,37,22,15,0,12,12,20,23,9
3110878,368,218,150,3,43,114,101,78,29,0,19,63,68,43,25,3,24,51,33,35,4
3110861,1168,598,570,1,215,376,261,204,111,1,71,194,161,101,70,0,144,182,100,103,41
3110893,353,303,50,0,39,110,66,113,25,0,29,96,57,99,22,0,10,14,9,14,3
3110890,249,148,101,1,17,43,92,67,29,0,4,22,58,43,21,1,13,21,34,24,8
3130294,102,40,62,1,5,10,22,39,25,0,2,3,7,16,12,1,3,7,15,23,13
3120166,5465,3280,2185,90,1234,1594,1033,699,815,26,523,920,713,451,647,64,711,674,320,248,168
3120164,8579,5975,2604,56,1923,2822,1862,1129,787,48,1160,1998,1383,799,587,8,763,824,479,330,200
3120162,1253,717,536,61,207,200,219,215,351,57,126,142,110,93,189,4,81,58,109,122,162
3120169,15771,7185,8586,70,3824,4195,3945,2657,1080,30,1313,1990,1801,1235,816,40,2511,2205,2144,1422,264
3110940,956,699,257,8,168,323,238,137,82,8,109,243,178,97,64,0,59,80,60,40,18
3120178,11093,6014,5079,34,2556,2878,2400,1866,1359,13,875,1596,1501,1005,1024,21,1681,1282,899,861,335
3110993,70,53,17,0,3,9,19,23,16,0,2,7,16,18,10,0,1,2,3,5,6
3110983,783,534,249,6,126,212,125,145,169,2,44,137,94,111,146,4,82,75,31,34,23
3110950,2981,1929,1052,1,829,1305,518,230,98,0,418,886,383,173,69,1,411,419,135,57,29
3120199,3427,2023,1404,9,720,1059,682,508,449,3,273,627,441,345,334,6,447,432,241,163,115
3120212,753,394,359,1,118,182,201,143,108,1,37,87,119,80,70,0,81,95,82,63,38
3120211,984,516,468,7,180,282,189,161,165,3,68,120,112,117,96,4,112,162,77,44,69
3110960,1601,749,852,5,219,282,389,522,184,4,60,131,203,227,124,1,159,151,186,295,60
3110964,217,124,93,0,29,60,59,34,35,0,8,32,36,23,25,0,21,28,23,11,10
3001496,15904,8904,7000,59,3513,6185,4248,1596,303,25,1160,3361,2887,1246,225,34,2353,2824,1361,350,78
3110995,5085,3711,1374,9,978,2002,1271,637,188,2,575,1477,990,523,144,7,403,525,281,114,44
3110998,17,11,6,0,2,6,4,3,2,0,0,4,3,3,1,0,2,2,1,0,1
3111001,58,43,15,0,2,9,14,18,15,0,1,7,12,13,10,0,1,2,2,5,5
3110949,1683,1193,490,5,288,565,435,305,85,2,112,398,347,261,73,3,176,167,88,44,12
3110959,271,140,131,0,14,66,82,79,30,0,7,36,49,29,19,0,7,30,33,50,11
3110962,53,27,26,0,20,11,10,8,4,0,11,7,6,3,0,0,9,4,4,5,4
3110954,636,445,191,0,89,142,187,94,124,0,35,97,161,74,78,0,54,45,26,20,46
3120204,41471,20644,20827,102,8167,11056,10671,10081,1394,54,5016,7567,4988,2062,957,48,3151,3489,5683,8019,437
3110997,1724,959,765,4,230,291,391,383,425,2,111,162,200,210,274,2,119,129,191,173,151
3110979,3004,1918,1086,4,525,926,768,568,213,4,230,632,535,343,174,0,295,294,233,225,39
3111027,1393,771,622,3,146,285,323,246,390,1,67,159,209,125,210,2,79,126,114,121,180
3111020,304,225,79,1,20,103,84,54,42,0,7,73,64,48,33,1,13,30,20,6,9
3130313,3889,1825,2064,10,726,635,634,1135,749,8,362,409,357,377,312,2,364,226,277,758,437
3111005,1865,1358,507,0,320,617,459,302,167,0,215,449,339,222,133,0,105,168,120,80,34
3111037,373,243,130,0,37,103,90,93,50,0,25,84,60,43,31,0,12,19,30,50,19
3111032,3878,2552,1326,4,235,340,599,718,1982,3,139,237,411,469,1293,1,96,103,188,249,689
3111081,78,50,28,0,8,17,18,18,17,0,4,12,13,6,15,0,4,5,5,12,2
3111089,750,505,245,0,50,131,180,233,156,0,31,81,127,154,112,0,19,50,53,79,44
3111059,774,420,354,3,87,144,177,164,199,1,47,73,92,91,116,2,40,71,85,73,83
3111067,746,414,332,2,73,149,192,177,153,1,36,98,107,84,88,1,37,51,85,93,65
3110005,1057,542,515,6,132,305,306,202,106,2,40,143,167,124,66,4,92,162,139,78,40
3110008,507,350,157,1,50,79,121,161,95,0,15,45,93,121,76,1,35,34,28,40,19
3110035,276,161,115,2,18,43,75,88,50,0,5,18,42,65,31,2,13,25,33,23,19
3110027,598,358,240,1,67,108,127,97,198,0,25,70,64,54,145,1,42,38,63,43,53
3120015,302,153,149,0,49,64,69,65,55,0,17,23,27,42,44,0,32,41,42,23,11
3130011,88,44,44,0,19,19,20,17,13,0,7,11,8,8,10,0,12,8,12,9,3
3110030,7,3,4,0,2,2,2,1,0,0,0,2,1,0,0,0,2,0,1,1,0
3110015,578,345,233,0,64,147,166,126,75,0,16,63,110,91,65,0,48,84,56,35,10
3110011,263,188,75,0,21,105,79,43,15,0,21,95,44,16,12,0,0,10,35,27,3
3110024,928,263,665,0,135,264,294,184,51,0,17,64,90,55,37,0,118,200,204,129,14
3120032,10818,5021,5797,35,1541,2434,3139,2621,1048,15,532,1200,1480,1142,652,20,1009,1234,1659,1479,396
3110045,234,174,60,0,24,54,64,55,37,0,11,38,46,47,32,0,13,16,18,8,5
3120031,6147,3450,2697,9,699,1541,1643,1286,969,0,223,730,924,892,681,9,476,811,719,394,288
3130038,1000,670,330,3,116,301,291,198,91,0,63,167,223,150,67,3,53,134,68,48,24
3120020,6561,4672,1889,29,1436,1964,1905,1013,214,17,728,1351,1643,776,157,12,708,613,262,237,57
3110043,1202,670,532,12,212,307,331,223,117,7,97,155,169,152,90,5,115,152,162,71,27
3120018,2190,1368,822,2,393,736,598,295,166,2,207,425,357,238,139,0,186,311,241,57,27
3110057,64,44,20,0,8,13,20,10,13,0,4,6,17,8,9,0,4,7,3,2,4
3110055,29,19,10,0,1,4,6,11,7,0,1,3,5,6,4,0,0,1,1,5,3
3110078,69,29,40,0,12,15,17,13,12,0,3,8,7,5,6,0,9,7,10,8,6
3110082,1618,809,809,5,175,461,427,442,108,4,53,155,206,304,87,1,122,306,221,138,21
3120041,20372,8281,12091,72,4418,6743,5760,2509,870,25,1460,2533,2359,1337,567,47,2958,4210,3401,1172,303
3110073,7975,2387,5588,56,2508,2886,1913,505,107,25,861,919,424,119,39,31,1647,1967,1489,386,68
3110076,537,175,362,0,46,143,158,153,37,0,11,49,61,45,9,0,35,94,97,108,28
3110588,169,92,77,0,34,44,41,33,17,0,14,22,20,21,15,0,20,22,21,12,2
3130059,64,40,24,0,6,12,16,11,19,0,4,5,10,7,14,0,2,7,6,4,5
3130064,36,13,23,0,6,7,8,4,11,0,1,0,5,2,5,0,5,7,3,2,6
3110107,37,30,7,0,4,8,4,11,10,0,3,5,4,9,9,0,1,3,0,2,1
3110117,103,73,30,1,14,27,19,33,9,1,10,20,11,25,6,0,4,7,8,8,3
3120050,212,159,53,0,33,40,60,52,27,0,19,30,47,41,22,0,14,10,13,11,5
3120052,11387,7284,4103,23,2113,2900,2661,2238,1452,12,1170,1971,1783,1298,1050,11,943,929,878,940,402
3130067,1670,335,1335,3,166,202,291,591,417,1,78,98,69,49,40,2,88,104,222,542,377
3120066,7424,4770,2654,43,1531,1839,1491,1235,1285,10,739,1202,991,818,1010,33,792,637,500,417,275
3110113,77,43,34,0,14,15,14,16,18,0,4,11,7,6,15,0,10,4,7,10,3
3110112,207,101,106,0,37,37,38,53,42,0,14,19,16,26,26,0,23,18,22,27,16
3110169,253,139,114,1,28,41,73,68,42,0,15,21,36,39,28,1,13,20,37,29,14
3110156,621,363,258,0,96,181,173,112,59,0,41,114,101,67,40,0,55,67,72,45,19
3110157,1097,891,206,10,352,279,244,141,71,7,300,237,180,106,61,3,52,42,64,35,10
3110163,284,143,141,0,39,46,67,77,55,0,14,27,32,31,39,0,25,19,35,46,16
3110168,524,374,150,0,64,95,121,160,84,0,36,69,87,110,72,0,28,26,34,50,12
3110212,204,144,60,0,26,37,42,67,32,0,18,26,27,50,23,0,8,11,15,17,9
3110187,3124,2222,902,15,559,867,746,552,385,7,387,605,531,394,298,8,172,262,215,158,87
3110229,1332,862,470,0,145,164,190,318,515,0,81,103,125,211,342,0,64,61,65,107,173
3110231,11,8,3,0,0,1,4,5,1,0,0,1,3,4,0,0,0,0,1,1,1
3130088,126,57,69,0,18,32,24,17,35,0,3,11,11,10,22,0,15,21,13,7,13
3110194,112,85,27,0,6,32,24,36,14,0,4,20,20,31,10,0,2,12,4,5,4
3110203,99,63,36,1,9,15,32,29,13,1,0,7,26,20,9,0,9,8,6,9,4
3110278,276,166,110,1,32,46,77,81,39,0,10,25,43,56,32,1,22,21,34,25,7
3130106,166,56,110,1,20,40,34,39,32,0,1,8,7,21,19,1,19,32,27,18,13
3110246,431,312,119,0,27,97,158,95,54,0,12,69,122,65,44,0,15,28,36,30,10
3110261,167,90,77,1,16,29,49,50,22,1,8,15,25,26,15,0,8,14,24,24,7
3110242,164,112,52,0,21,28,56,30,29,0,12,23,31,22,24,0,9,5,25,8,5
3110241,415,213,202,0,61,87,97,117,53,0,17,49,46,63,38,0,44,38,51,54,15
3120069,1012,728,284,3,69,146,222,270,302,1,40,71,131,216,269,2,29,75,91,54,33
3110233,142,46,96,1,23,27,50,35,6,1,6,7,16,11,5,0,17,20,34,24,1
3110281,13818,12089,1729,12,1418,3093,4061,4964,270,1,960,2426,3678,4823,201,11,458,667,383,141,69
3110309,376,266,110,0,38,63,108,103,64,0,19,44,71,78,54,0,19,19,37,25,10
3110318,148,78,70,0,21,29,45,36,17,0,10,19,22,14,13,0,11,10,23,22,4
3110379,12,3,9,1,1,1,3,3,3,0,0,0,1,1,1,1,1,1,2,2,2
3110373,891,705,186,0,129,255,172,236,99,0,90,208,134,205,68,0,39,47,38,31,31
3130132,61,19,42,0,10,14,13,15,9,0,0,4,5,5,5,0,10,10,8,10,4
3110377,21,14,7,0,2,2,2,9,6,0,2,2,1,4,5,0,0,0,1,5,1
3110345,114,47,67,1,14,18,26,37,18,0,3,6,8,17,13,1,11,12,18,20,5
3110342,60,45,15,0,5,11,20,15,9,0,3,8,14,13,7,0,2,3,6,2,2
3110348,343,174,169,0,27,59,108,96,53,0,4,31,63,43,33,0,23,28,45,53,20
3110338,263,192,71,0,34,67,61,63,38,0,18,49,44,48,33,0,16,18,17,15,5
3110402,471,221,250,1,85,98,98,106,83,0,24,38,54,59,46,1,61,60,44,47,37
3110383,33,21,12,0,0,3,13,10,7,0,0,2,9,5,5,0,0,1,4,5,2
3130145,244,202,42,0,39,44,77,62,22,0,28,35,65,56,18,0,11,9,12,6,4
3110392,43,17,26,0,2,8,7,10,16,0,0,0,3,3,11,0,2,8,4,7,5
3110416,468,244,224,4,61,110,118,126,49,2,24,73,58,58,29,2,37,37,60,68,20
3110428,491,217,274,1,43,52,106,158,131,0,14,25,45,70,63,1,29,27,61,88,68
3120080,180,46,134,0,30,45,46,36,23,0,2,7,9,13,15,0,28,38,37,23,8
3110464,301,170,131,4,32,53,93,85,34,4,18,28,44,49,27,0,14,25,49,36,7
3110457,482,283,199,1,60,88,88,132,113,0,27,46,47,71,92,1,33,42,41,61,21
3120091,516,192,324,1,51,69,119,165,111,0,20,28,51,55,38,1,31,41,68,110,73
3110485,1259,678,581,0,7,24,35,160,1033,0,4,5,15,70,584,0,3,19,20,90,449
3110488,174,104,70,1,14,24,41,38,56,0,8,16,19,15,46,1,6,8,22,23,10
3130163,182,49,133,0,24,28,44,50,36,0,4,8,11,12,14,0,20,20,33,38,22
3110449,709,410,299,0,104,160,182,147,116,0,47,98,96,84,85,0,57,62,86,63,31
3120094,5328,2411,2917,67,2381,1182,676,592,430,23,994,579,296,278,241,44,1387,603,380,314,189
3130175,13,5,8,0,1,3,5,4,0,0,1,0,1,3,0,0,0,3,4,1,0
3120097,2246,1354,892,0,321,658,631,407,229,0,172,390,397,254,141,0,149,268,234,153,88
3130176,38,23,15,0,20,16,1,1,0,0,9,13,1,0,0,0,11,3,0,1,0
3110523,21,9,12,0,0,4,5,7,5,0,0,0,2,5,2,0,0,4,3,2,3
3120107,13077,7619,5458,43,2471,3470,3552,3026,515,9,1021,2002,2300,1900,387,34,1450,1468,1252,1126,128
3110586,1855,953,902,2,423,499,464,293,174,1,233,283,196,130,110,1,190,216,268,163,64
3110540,238,107,131,0,39,63,70,47,19,0,19,28,26,23,11,0,20,35,44,24,8
3110567,91,61,30,0,16,26,27,12,10,0,8,20,13,11,9,0,8,6,14,1,1
3110565,110,66,44,0,16,34,34,19,7,0,8,16,23,13,6,0,8,18,11,6,1
3110560,292,140,152,0,26,64,87,77,38,0,10,26,40,36,28,0,16,38,47,41,10
3110549,357,165,192,1,57,79,100,64,56,1,24,39,47,22,32,0,33,40,53,42,24
3120099,84,57,27,0,11,20,26,14,13,0,6,16,21,7,7,0,5,4,5,7,6
3110581,16,11,5,0,0,0,2,6,8,0,0,0,2,3,6,0,0,0,0,3,2
3120113,641,380,261,2,98,147,163,141,90,1,45,81,95,95,63,1,53,66,68,46,27
3120110,1858,1400,458,2,142,216,286,247,965,1,42,102,166,181,908,1,100,114,120,66,57
3110617,262,188,74,0,47,75,73,48,19,0,37,55,50,31,15,0,10,20,23,17,4
3110597,517,302,215,0,30,68,111,150,158,0,14,36,54,84,114,0,16,32,57,66,44
3130199,18,8,10,0,1,4,4,9,0,0,0,1,3,4,0,0,1,3,1,5,0
3110615,87,63,24,0,20,21,27,13,6,0,14,18,18,8,5,0,6,3,9,5,1
3110674,260,189,71,0,21,55,61,47,76,0,14,46,35,29,65,0,7,9,26,18,11
3110677,410,321,89,1,50,80,83,91,105,1,24,51,70,76,99,0,26,29,13,15,6
3110676,228,138,90,0,31,34,61,56,46,0,13,20,36,37,32,0,18,14,25,19,14
3120117,451,280,171,0,12,62,127,153,97,0,9,48,78,89,56,0,3,14,49,64,41
3110636,152,76,76,1,25,49,41,21,15,0,9,26,27,4,10,1,16,23,14,17,5
3110631,335,161,174,2,32,63,68,100,70,2,19,34,37,37,32,0,13,29,31,63,38
3120120,927,405,522,1,177,218,193,196,142,0,46,109,84,81,85,1,131,109,109,115,57
3110656,829,493,336,13,89,206,249,190,82,12,52,128,151,91,59,1,37,78,98,99,23
3120121,365,145,220,2,51,46,72,106,88,2,12,18,29,43,41,0,39,28,43,63,47
3110654,1027,687,340,2,68,149,252,380,176,1,38,81,139,281,147,1,30,68,113,99,29
3110665,469,285,184,0,36,92,123,138,80,0,25,60,79,74,47,0,11,32,44,64,33
3110662,1480,885,595,4,245,501,396,234,100,4,129,301,207,171,73,0,116,200,189,63,27
3110691,395,205,190,0,37,65,119,115,59,0,20,38,49,52,46,0,17,27,70,63,13
3110705,33,19,14,0,3,2,8,7,13,0,3,1,8,2,5,0,0,1,0,5,8
3130229,249,139,110,1,16,53,61,62,56,0,7,30,31,32,39,1,9,23,30,30,17
3110680,901,770,131,15,129,129,157,274,197,15,105,106,127,234,183,0,24,23,30,40,14
3110685,56,39,17,0,10,12,12,11,11,0,7,10,5,7,10,0,3,2,7,4,1
3120132,4203,2884,1319,13,512,908,1016,1074,680,12,350,650,695,701,476,1,162,258,321,373,204
3110732,362,258,104,1,42,68,107,79,65,0,23,39,78,64,54,1,19,29,29,15,11
3110729,151,112,39,0,19,30,40,39,23,0,14,19,30,30,19,0,5,11,10,9,4
3110723,286,247,39,0,6,10,37,130,103,0,6,5,26,113,97,0,0,5,11,17,6
3110742,426,237,189,0,42,83,106,125,70,0,21,57,71,54,34,0,21,26,35,71,36
3110748,102,64,38,0,6,19,21,26,30,0,2,9,11,22,20,0,4,10,10,4,10
3110749,418,255,163,0,51,99,100,118,50,0,26,61,51,81,36,0,25,38,49,37,14
3110750,397,221,176,4,78,83,80,104,48,4,47,62,43,33,32,0,31,21,37,71,16
3120141,601,418,183,2,71,137,188,115,88,1,36,85,133,86,77,1,35,52,55,29,11
3130240,1400,893,507,0,128,296,347,287,342,0,68,168,226,194,237,0,60,128,121,93,105
3110763,480,353,127,2,84,147,107,84,56,0,53,100,79,72,49,2,31,47,28,12,7
3110786,271,179,92,2,20,41,60,51,97,2,8,21,42,38,68,0,12,20,18,13,29
3130247,19,15,4,0,3,4,4,3,5,0,1,3,4,3,4,0,2,1,0,0,1
3110817,26,19,7,0,2,6,6,6,6,0,0,4,4,6,5,0,2,2,2,0,1
3130256,2,2,0,0,0,0,0,1,1,0,0,0,0,1,1,0,0,0,0,0,0
3110757,1501,1114,387,1,111,230,356,424,379,0,51,176,286,314,287,1,60,54,70,110,92
3110762,3139,2286,853,6,392,669,739,809,524,4,217,459,529,629,448,2,175,210,210,180,76
3110807,102,70,32,0,6,16,23,27,30,0,4,8,18,19,21,0,2,8,5,8,9
3130250,1,0,1,0,0,0,0,1,0,0,0,0,0,0,0,0,0,0,0,1,0
3110803,312,224,88,0,17,27,58,67,143,0,6,14,33,43,128,0,11,13,25,24,15
3110847,443,216,227,3,52,135,137,77,39,3,13,60,74,37,29,0,39,75,63,40,10
3130272,45,20,25,0,4,6,10,11,14,0,0,1,4,6,9,0,4,5,6,5,5
3110843,181,135,46,1,22,25,55,52,26,0,16,17,34,44,24,1,6,8,21,8,2
3110835,296,170,126,0,81,95,59,38,23,0,32,61,37,19,21,0,49,34,22,19,2
3110830,281,152,129,0,22,61,73,85,40,0,7,29,36,54,26,0,15,32,37,31,14
3120154,497,214,283,1,64,124,128,111,69,0,19,58,68,39,30,1,45,66,60,72,39
3120151,2417,1455,962,6,401,736,707,383,184,4,194,433,450,237,137,2,207,303,257,146,47
3110863,319,179,140,6,40,61,63,79,70,5,23,30,38,36,47,1,17,31,25,43,23
3110867,202,117,85,0,8,34,39,53,68,0,2,15,21,32,47,0,6,19,18,21,21
3110882,733,444,289,1,95,131,215,168,123,0,52,67,122,109,94,1,43,64,93,59,29
3110864,236,161,75,0,31,48,53,60,44,0,21,31,37,43,29,0,10,17,16,17,15
3110871,64,32,32,1,6,13,19,12,13,0,4,6,8,7,7,1,2,7,11,5,6
3130283,25,11,14,0,3,3,10,5,4,0,1,1,3,3,3,0,2,2,7,2,1
3110854,55,39,16,0,4,5,17,21,8,0,3,5,9,15,7,0,1,0,8,6,1
3110898,66,27,39,0,16,14,14,16,6,0,5,3,8,7,4,0,11,11,6,9,2
3120170,2026,1161,865,8,279,587,623,346,183,7,113,333,412,168,128,1,166,254,211,178,55
3110917,1505,939,566,6,157,432,402,355,153,2,72,281,295,181,108,4,85,151,107,174,45
3110918,682,438,244,3,98,127,164,142,148,2,59,85,108,86,98,1,39,42,56,56,50
3110903,7222,2653,4569,7,1242,1778,2487,1322,386,1,333,597,951,599,172,6,909,1181,1536,723,214
3110915,3011,2335,676,14,441,940,1066,421,129,11,286,683,868,373,114,3,155,257,198,48,15
3110926,1610,1175,435,6,193,359,463,382,207,3,114,263,355,292,148,3,79,96,108,90,59
3110928,596,491,105,1,57,109,125,205,99,1,29,76,109,190,86,0,28,33,16,15,13
3120184,10139,7003,3136,20,1553,3044,2666,1705,1151,10,846,2068,2010,1212,857,10,707,976,656,493,294
3120174,680,379,301,6,108,196,155,93,122,4,39,108,90,58,80,2,69,88,65,35,42
3110927,745,553,192,2,93,342,198,98,12,2,82,218,159,81,11,0,11,124,39,17,1
3110977,148,102,46,0,22,32,45,29,20,0,14,20,33,20,15,0,8,12,12,9,5
3110961,962,673,289,5,172,286,248,140,111,3,97,184,187,112,90,2,75,102,61,28,21
3110970,378,236,142,1,66,98,102,65,46,0,27,49,66,57,37,1,39,49,36,8,9
3120219,17175,5797,11378,202,3397,3819,3179,4061,2517,83,1254,1872,1374,818,396,119,2143,1947,1805,3243,2121
3120222,43324,24141,19183,244,8091,13641,10294,6385,4669,119,3186,7703,6883,3711,2539,125,4905,5938,3411,2674,2130
3120201,11549,6381,5168,116,3564,3468,2477,1299,625,31,1365,2018,1727,754,486,85,2199,1450,750,545,139
3120213,8521,5150,3371,50,1869,2485,1911,1070,1136,12,830,1515,1305,716,772,38,1039,970,606,354,364
3120209,8987,2610,6377,34,2050,2684,2467,1172,580,9,538,752,537,395,379,25,1512,1932,1930,777,201
3120216,4934,3621,1313,8,712,1628,1666,772,148,5,291,1070,1431,703,121,3,421,558,235,69,27
3110986,90,59,31,0,9,18,36,19,8,0,3,6,29,15,6,0,6,12,7,4,2
3120224,12418,6339,6079,23,1900,3177,3167,2346,1805,12,860,1669,1497,1232,1069,11,1040,1508,1670,1114,736
3120195,5611,2685,2926,39,1393,2394,1102,426,257,15,487,1194,634,208,147,24,906,1200,468,218,110
3120198,11531,7246,4285,23,2691,3529,2889,1562,837,12,1141,2216,2115,1139,623,11,1550,1313,774,423,214
3110958,997,760,237,1,96,197,300,298,105,1,46,133,254,241,85,0,50,64,46,57,20
3110956,1199,758,441,4,361,471,199,87,77,2,158,307,163,70,58,2,203,164,36,17,19
3111025,686,412,274,1,84,164,149,157,131,0,45,102,103,88,74,1,39,62,46,69,57
3111029,427,314,113,3,71,108,91,79,75,1,51,81,67,55,59,2,20,27,24,24,16
3111042,872,597,275,3,147,186,251,200,85,3,121,134,159,130,50,0,26,52,92,70,35
3120235,954,648,306,1,117,204,211,255,166,0,70,158,152,154,114,1,47,46,59,101,52
3111023,939,576,363,2,133,202,263,204,135,0,86,139,184,100,67,2,47,63,79,104,68
3120232,1056,714,342,0,185,302,235,171,163,0,80,192,163,131,148,0,105,110,72,40,15
3001495,25240,14855,10385,124,4880,6877,5824,4628,2907,55,2599,4419,3662,2383,1737,69,2281,2458,2162,2245,1170
3111006,1112,721,391,0,127,292,337,203,153,0,56,169,242,135,119,0,71,123,95,68,34
3130312,619,270,349,1,20,40,81,170,307,1,9,23,43,41,153,0,11,17,38,129,154
3120227,45462,24220,21242,163,8142,11830,12761,11282,1284,51,3785,7436,7437,4549,962,112,4357,4394,5324,6733,322
3111090,91,35,56,0,15,30,23,17,6,0,1,10,10,10,4,0,14,20,13,7,2
3111068,1570,605,965,0,532,392,271,203,172,0,126,134,114,101,130,0,406,258,157,102,42
3130323,171,86,85,0,3,14,23,36,95,0,2,6,8,14,56,0,1,8,15,22,39
3120244,916,401,515,0,70,85,103,111,547,0,14,44,49,42,252,0,56,41,54,69,295
3111054,104,42,62,0,14,18,19,12,41,0,4,12,7,5,14,0,10,6,12,7,27
3111065,79,38,41,2,6,21,18,23,9,2,5,11,7,6,7,0,1,10,11,17,2
3111049,507,277,230,2,75,90,96,118,126,0,36,50,40,68,83,2,39,40,56,50,43
3111060,872,458,414,1,101,211,241,202,116,1,41,97,131,107,81,0,60,114,110,95,35
3110007,283,185,98,2,58,88,63,41,31,2,30,62,44,27,20,0,28,26,19,14,11
3110531,141,61,80,0,16,26,24,56,19,0,13,19,13,9,7,0,3,7,11,47,12
3110013,125,71,54,0,8,28,31,26,32,0,2,11,18,14,26,0,6,17,13,12,6
3120017,724,205,519,0,78,151,278,136,81,0,13,47,55,37,53,0,65,104,223,99,28
3001494,32892,17118,15774,68,5350,9954,9473,6395,1652,15,2280,4904,4583,4154,1182,53,3070,5050,4890,2241,470
3130007,466,310,156,0,39,77,97,129,124,0,22,41,73,77,97,0,17,36,24,52,27
3130018,120,70,50,0,11,18,23,38,30,0,6,10,13,22,19,0,5,8,10,16,11
3110010,5240,2651,2589,1,324,1250,2239,1231,195,0,76,342,1157,943,133,1,248,908,1082,288,62
3120035,2257,1368,889,7,650,570,525,321,184,3,282,379,388,200,116,4,368,191,137,121,68
3120038,2299,1362,937,7,436,740,580,324,212,1,189,452,383,196,141,6,247,288,197,128,71
3120028,12590,7582,5008,41,2103,3542,3628,2206,1070,16,1009,1955,2310,1615,677,25,1094,1587,1318,591,393
3120030,11882,6796,5086,53,2154,3638,3422,1957,658,16,721,2139,2091,1366,463,37,1433,1499,1331,591,195
3120029,7461,4461,3000,27,1938,2808,1698,798,192,7,787,1650,1165,693,159,20,1151,1158,533,105,33
3120025,22643,6274,16369,229,12750,7002,1624,945,93,71,3075,2028,780,249,71,158,9675,4974,844,696,22
3110051,111,82,29,0,17,23,33,26,12,0,12,16,24,20,10,0,5,7,9,6,2
3130046,20,13,7,0,1,3,4,2,10,0,0,2,3,1,7,0,1,1,1,1,3
3130047,158,110,48,0,10,26,33,60,29,0,5,20,20,41,24,0,5,6,13,19,5
3130048,20,11,9,0,7,8,1,4,0,0,3,4,1,3,0,0,4,4,0,1,0
3130055,203,117,86,0,24,49,47,52,31,0,12,25,24,32,24,0,12,24,23,20,7
3130025,5494,2675,2819,69,1760,1561,1124,794,186,31,674,837,763,292,78,38,1086,724,361,502,108
3110075,1630,736,894,9,270,506,417,289,139,5,69,188,182,181,111,4,201,318,235,108,28
3110094,26,12,14,0,0,1,4,13,8,0,0,0,2,6,4,0,0,1,2,7,4
3110093,2647,1632,1015,2,331,1035,757,359,163,1,106,546,562,321,96,1,225,489,195,38,67
3110089,752,503,249,1,94,230,220,107,100,0,33,136,159,88,87,1,61,94,61,19,13
3110064,923,525,398,2,126,275,261,160,99,1,49,160,160,88,67,1,77,115,101,72,32
3110109,92,39,53,0,7,10,12,42,21,0,2,6,3,15,13,0,5,4,9,27,8
3110108,6,1,5,0,0,1,4,1,0,0,0,0,0,1,0,0,0,1,4,0,0
3110104,213,141,72,0,22,33,35,54,69,0,6,17,21,37,60,0,16,16,14,17,9
3110126,27,18,9,0,0,7,2,12,6,0,0,6,0,7,5,0,0,1,2,5,1
3110135,401,208,193,0,41,84,107,78,91,0,7,43,49,38,71,0,34,41,58,40,20
3110115,945,362,583,10,392,218,156,113,56,0,76,84,93,75,34,10,316,134,63,38,22
3110133,122,93,29,0,19,25,33,21,24,0,12,18,29,17,17,0,7,7,4,4,7
3130072,132,71,61,0,21,19,35,39,18,0,9,9,16,26,11,0,12,10,19,13,7
3110130,105,89,16,0,20,24,38,15,8,0,17,20,35,10,7,0,3,4,3,5,1
3110170,223,128,95,1,37,51,67,45,22,0,17,21,42,32,16,1,20,30,25,13,6
3110172,344,227,117,0,42,72,92,91,47,0,17,48,61,65,36,0,25,24,31,26,11
3110173,195,106,89,0,34,50,46,44,21,0,16,28,21,25,16,0,18,22,25,19,5
3130081,54,36,18,0,7,17,14,9,7,0,5,12,9,6,4,0,2,5,5,3,3
3130080,14,10,4,0,0,1,6,6,1,0,0,1,4,4,1,0,0,0,2,2,0
3110143,44,18,26,1,4,13,9,13,4,1,0,3,5,6,3,0,4,10,4,7,1
3120053,892,505,387,5,148,146,178,204,211,2,41,65,97,137,163,3,107,81,81,67,48
3130075,17,12,5,0,4,5,6,0,2,0,3,3,5,0,1,0,1,2,1,0,1
3110165,243,175,68,0,12,32,69,76,54,0,7,23,42,59,44,0,5,9,27,17,10
3130082,20,11,9,0,4,0,1,9,6,0,4,0,0,3,4,0,0,0,1,6,2
3130078,52,17,35,0,6,15,19,9,3,0,1,5,8,2,1,0,5,10,11,7,2
3110185,122,77,45,0,13,22,31,32,24,0,5,13,18,22,19,0,8,9,13,10,5
3120067,2595,1173,1422,9,427,580,675,579,325,7,165,280,260,257,204,2,262,300,415,322,121
3130092,12,9,3,0,0,1,3,5,3,0,0,0,3,3,3,0,0,1,0,2,0
3110205,82,48,34,0,4,13,23,23,19,0,2,10,7,17,12,0,2,3,16,6,7
3110265,198,91,107,1,23,43,54,57,20,0,7,18,21,32,13,1,16,25,33,25,7
3130110,107,64,43,0,1,9,35,38,24,0,1,6,22,19,16,0,0,3,13,19,8
3110263,130,71,59,0,13,27,35,24,31,0,7,12,12,14,26,0,6,15,23,10,5
3110272,477,319,158,0,45,69,93,152,118,0,15,35,60,103,106,0,30,34,33,49,12
3130113,148,27,121,1,31,31,28,39,18,1,4,9,3,4,6,0,27,22,25,35,12
3110307,119,62,57,0,17,25,41,19,17,0,7,17,18,10,10,0,10,8,23,9,7
3110310,45,14,31,0,12,8,5,15,5,0,4,1,2,4,3,0,8,7,3,11,2
3110288,216,139,77,1,19,49,52,55,40,0,9,22,35,40,33,1,10,27,17,15,7
3110313,2069,1344,725,2,208,552,670,474,163,0,95,310,444,355,140,2,113,242,226,119,23
3110326,84,40,44,0,2,9,16,13,44,0,1,2,6,5,26,0,1,7,10,8,18
3130117,121,63,58,0,4,15,34,43,25,0,2,8,20,19,14,0,2,7,14,24,11
3110282,980,789,191,13,185,388,206,75,113,12,134,349,179,57,58,1,51,39,27,18,55
3130118,67,30,37,0,11,13,11,19,13,0,0,2,6,12,10,0,11,11,5,7,3
3130141,36,19,17,0,12,4,11,6,3,0,3,2,6,6,2,0,9,2,5,0,1
3110380,48,15,33,0,12,10,12,10,4,0,0,3,5,4,3,0,12,7,7,6,1
3120078,143,89,54,0,27,28,29,30,29,0,12,16,21,18,22,0,15,12,8,12,7
3110370,367,255,112,0,17,61,76,105,108,0,11,31,42,80,91,0,6,30,34,25,17
3110358,549,295,254,0,18,34,67,210,220,0,2,18,23,91,161,0,16,16,44,119,59
3110359,126,72,54,0,12,26,34,40,14,0,3,12,17,32,8,0,9,14,17,8,6
3110366,91,64,27,0,17,20,17,22,15,0,13,13,11,16,11,0,4,7,6,6,4
3110391,219,118,101,0,22,44,64,45,44,0,12,26,37,23,20,0,10,18,27,22,24
3110386,124,114,10,0,4,3,10,44,63,0,1,3,7,40,63,0,3,0,3,4,0
3110385,37,22,15,0,3,9,12,4,9,0,2,5,3,4,8,0,1,4,9,0,1
3130144,21,14,7,0,0,1,7,8,5,0,0,0,5,4,5,0,0,1,2,4,0
3110396,259,94,165,2,41,49,52,76,39,0,13,15,22,29,15,2,28,34,30,47,24
3110404,515,298,217,1,42,93,163,136,80,0,11,56,109,76,46,1,31,37,54,60,34
3110429,2074,916,1158,3,224,284,511,689,363,1,91,167,248,234,175,2,133,117,263,455,188
3110438,230,110,120,0,26,54,83,52,15,0,12,21,38,30,9,0,14,33,45,22,6
3120085,317,121,196,4,51,48,80,78,56,3,11,14,21,40,32,1,40,34,59,38,24
3110458,385,200,185,0,32,79,94,119,61,0,19,46,47,52,36,0,13,33,47,67,25
3110460,969,582,387,0,57,184,248,234,246,0,18,124,133,121,186,0,39,60,115,113,60
3130164,9,3,6,0,0,1,2,2,4,0,0,0,1,1,1,0,0,1,1,1,3
3110450,774,421,353,3,138,166,179,154,134,2,80,103,96,70,70,1,58,63,83,84,64
3110456,967,544,423,3,284,226,177,147,130,1,123,112,94,97,117,2,161,114,83,50,13
3110486,491,279,212,0,81,100,108,134,68,0,54,70,53,61,41,0,27,30,55,73,27
3110484,499,193,306,6,64,131,129,103,66,5,34,45,41,32,36,1,30,86,88,71,30
3120092,274,147,127,0,33,51,83,52,55,0,12,29,44,21,41,0,21,22,39,31,14
3110472,335,156,179,2,52,77,79,68,57,1,16,43,30,37,29,1,36,34,49,31,28
3130168,234,155,79,0,19,50,51,64,50,0,5,23,33,49,45,0,14,27,18,15,5
3110445,71,53,18,0,18,15,16,8,14,0,10,9,13,7,14,0,8,6,3,1,0
3110446,163,124,39,0,6,14,51,45,47,0,5,9,33,35,42,0,1,5,18,10,5
3110451,1267,962,305,2,150,378,365,291,81,2,75,289,305,230,61,0,75,89,60,61,20
3110502,290,147,143,0,29,34,73,92,62,0,14,16,35,47,35,0,15,18,38,45,27
3110520,105,57,48,0,31,22,32,12,8,0,10,15,16,10,6,0,21,7,16,2,2
3110526,211,111,100,1,17,38,50,49,56,1,7,21,24,26,32,0,10,17,26,23,24
3110511,3646,3286,360,2,420,731,640,1505,348,1,355,646,532,1425,327,1,65,85,108,80,21
3120093,661,351,310,2,60,125,170,195,109,0,27,62,91,103,68,2,33,63,79,92,41
3110504,170,46,124,1,21,19,35,41,53,0,5,4,10,13,14,1,16,15,25,28,39
3120095,931,525,406,1,73,108,267,363,119,0,16,56,142,223,88,1,57,52,125,140,31
3110587,264,135,129,1,43,53,75,55,37,1,16,31,47,23,17,0,27,22,28,32,20
3110578,2091,1413,678,2,213,337,391,638,510,1,80,225,309,452,346,1,133,112,82,186,164
3110574,173,123,50,0,35,41,49,38,10,0,17,30,41,30,5,0,18,11,8,8,5
3110582,56,17,39,0,6,11,16,13,10,0,0,4,4,4,5,0,6,7,12,9,5
3120106,11485,7110,4375,12,1812,2735,2685,2311,1930,8,917,1662,1891,1437,1195,4,895,1073,794,874,735
3110544,1203,718,485,1,179,248,331,253,191,1,107,153,171,147,139,0,72,95,160,106,52
3120103,9580,5991,3589,87,2167,2434,2066,1613,1213,61,1145,1486,1404,988,907,26,1022,948,662,625,306
3110566,1690,934,756,2,359,547,406,290,86,1,137,328,252,157,59,1,222,219,154,133,27
3130187,29,14,15,0,4,5,11,7,2,0,2,2,6,2,2,0,2,3,5,5,0
3110557,760,465,295,1,100,188,196,149,126,1,37,110,137,95,85,0,63,78,59,54,41
3110548,795,475,320,5,130,185,210,136,129,3,57,95,122,89,109,2,73,90,88,47,20
3110543,38,25,13,0,6,8,14,7,3,0,3,5,8,6,3,0,3,3,6,1,0
3110585,918,790,128,0,192,360,176,181,9,0,150,313,153,166,8,0,42,47,23,15,1
3120112,1633,1138,495,10,223,388,373,358,281,6,100,270,265,265,232,4,123,118,108,93,49
3110618,193,135,58,0,19,38,52,52,32,0,10,29,36,34,26,0,9,9,16,18,6
3110599,378,268,110,3,50,89,94,93,49,2,34,68,63,65,36,1,16,21,31,28,13
3110596,417,272,145,2,48,90,107,113,57,0,28,56,74,71,43,2,20,34,33,42,14
3130200,27,18,9,0,0,3,9,6,9,0,0,0,7,4,7,0,0,3,2,2,2
3110623,130,99,31,0,27,34,27,31,11,0,23,27,21,21,7,0,4,7,6,10,4
3130218,118,53,65,0,28,34,26,13,17,0,8,12,11,9,13,0,20,22,15,4,4
3110632,1075,887,188,2,42,127,400,334,170,1,21,90,353,281,141,1,21,37,47,53,29
3110651,377,214,163,2,29,50,102,105,89,1,19,31,68,52,43,1,10,19,34,53,46
3110659,844,496,348,11,102,181,234,180,136,9,52,114,140,105,76,2,50,67,94,75,60
3110696,2424,1658,766,32,831,942,326,216,77,16,483,735,235,131,58,16,348,207,91,85,19
3110697,230,142,88,1,55,64,49,41,20,1,27,41,31,29,13,0,28,23,18,12,7
3110698,276,176,100,3,50,50,53,63,57,3,25,32,31,39,46,0,25,18,22,24,11
3110722,837,574,263,4,152,296,249,99,37,4,95,205,191,55,24,0,57,91,58,44,13
3110682,25,11,14,0,2,4,13,5,1,0,2,2,6,1,0,0,0,2,7,4,1
3110684,251,136,115,2,50,78,61,36,24,0,19,54,34,19,10,2,31,24,27,17,14
3110688,169,59,110,1,18,18,40,59,33,0,7,10,15,19,8,1,11,8,25,40,25
3110730,660,376,284,1,80,105,117,201,156,1,30,58,54,113,120,0,50,47,63,88,36
3110728,4560,2778,1782,8,88,138,245,530,3551,8,64,86,123,279,2218,0,24,52,122,251,1333
3110752,269,117,152,2,25,46,81,79,36,2,13,16,34,33,19,0,12,30,47,46,17
3130234,7,3,4,0,1,1,0,3,2,0,0,1,0,1,1,0,1,0,0,2,1
3130235,298,80,218,0,39,52,77,82,48,0,11,14,25,19,11,0,28,38,52,63,37
3110743,191,130,61,0,18,31,48,50,44,0,10,20,32,37,31,0,8,11,16,13,13
3110731,1044,564,480,7,306,385,206,96,44,2,149,230,102,55,26,5,157,155,104,41,18
3110753,617,387,230,0,69,100,149,166,133,0,28,68,90,96,105,0,41,32,59,70,28
3110764,541,223,318,0,93,127,159,102,60,0,27,39,54,54,49,0,66,88,105,48,11
3110779,33,24,9,0,2,5,13,7,6,0,1,4,10,4,5,0,1,1,3,3,1
3130242,66,20,46,0,3,17,17,24,5,0,1,6,5,5,3,0,2,11,12,19,2
3110765,889,619,270,2,80,133,209,175,290,1,38,78,140,126,236,1,42,55,69,49,54
3110810,403,183,220,0,58,147,59,78,61,0,24,67,27,43,22,0,34,80,32,35,39
3110813,286,167,119,3,22,37,50,74,100,3,15,21,24,39,65,0,7,16,26,35,35
3120135,5072,3013,2059,32,1300,1280,1187,776,497,11,626,825,676,441,434,21,674,455,511,335,63
3120146,5066,2882,2184,18,1252,1255,1097,821,623,8,405,669,729,584,487,10,847,586,368,237,136
3130253,9,7,2,0,2,3,0,2,2,0,2,3,0,1,1,0,0,0,0,1,1
3130249,10,8,2,0,2,0,0,4,4,0,1,0,0,4,3,0,1,0,0,0,1
3110782,127,87,40,1,13,24,48,27,14,1,5,16,36,17,12,0,8,8,12,10,2
3110809,112,61,51,0,7,15,30,23,37,0,3,5,11,17,25,0,4,10,19,6,12
3110834,41,25,16,0,3,5,8,11,14,0,2,2,8,6,7,0,1,3,0,5,7
3110828,3010,2066,944,9,471,1047,854,467,162,3,252,711,639,357,104,6,219,336,215,110,58
3110824,296,102,194,1,48,91,92,42,22,0,11,26,29,23,13,1,37,65,63,19,9
3110852,198,121,77,0,26,35,54,38,45,0,12,20,30,23,36,0,14,15,24,15,9
3110851,493,236,257,0,79,137,141,105,31,0,32,53,66,67,18,0,47,84,75,38,13
3110831,72,40,32,0,3,13,14,29,13,0,3,6,6,18,7,0,0,7,8,11,6
3110827,262,93,169,0,39,51,73,65,34,0,11,18,20,28,16,0,28,33,53,37,18
3110841,75,34,41,0,7,12,14,23,19,0,4,7,5,10,8,0,3,5,9,13,11
3110900,444,246,198,1,94,123,115,88,23,1,48,64,62,53,18,0,46,59,53,35,5
3120159,1430,763,667,12,289,320,321,238,250,6,116,164,174,133,170,6,173,156,147,105,80
3110866,184,101,83,0,23,36,41,65,19,0,14,20,19,32,16,0,9,16,22,33,3
3120158,695,550,145,2,31,73,200,279,110,0,7,41,163,241,98,2,24,32,37,38,12
3110857,431,229,202,9,60,64,70,108,120,9,34,48,41,46,51,0,26,16,29,62,69
3130278,75,16,59,0,0,16,28,24,7,0,0,7,5,2,2,0,0,9,23,22,5
3110875,19,15,4,0,4,2,5,6,2,0,2,2,3,6,2,0,2,0,2,0,0
3110873,348,167,181,0,70,79,87,76,36,0,29,39,39,37,23,0,41,40,48,39,13
3130285,615,316,299,4,28,56,85,160,282,1,17,38,45,60,155,3,11,18,40,100,127
3110891,47,22,25,0,5,1,22,16,3,0,1,0,11,8,2,0,4,1,11,8,1
3130280,22,17,5,0,0,1,2,7,12,0,0,0,0,5,12,0,0,1,2,2,0
3130279,2159,1727,432,0,365,671,738,355,30,0,172,530,669,333,23,0,193,141,69,22,7
3130295,122,48,74,0,20,27,38,23,14,0,3,9,16,12,8,0,17,18,22,11,6
3110892,709,341,368,0,69,110,159,221,150,0,25,55,76,105,80,0,44,55,83,116,70
3110899,681,442,239,0,167,178,164,123,49,0,107,130,95,71,39,0,60,48,69,52,10
3110944,933,632,301,10,116,213,161,196,237,8,88,169,114,118,135,2,28,44,47,78,102
3110905,287,176,111,1,36,71,71,63,45,0,18,38,45,41,34,1,18,33,26,22,11
3110920,359,205,154,0,23,53,125,118,40,0,5,29,65,75,31,0,18,24,60,43,9
3110910,614,240,374,5,72,124,157,176,80,3,30,69,52,49,37,2,42,55,105,127,43
3110906,683,362,321,2,217,106,119,106,133,0,59,58,72,62,111,2,158,48,47,44,22
3120161,2517,1833,684,3,187,342,315,347,1323,2,78,178,165,202,1208,1,109,164,150,145,115
3130296,85,63,22,0,2,8,25,35,15,0,1,8,16,24,14,0,1,0,9,11,1
3120175,8254,5320,2934,32,1703,2482,1996,1297,744,6,856,1692,1362,856,548,26,847,790,634,441,196
3110932,532,384,148,2,128,170,127,64,41,2,76,116,100,54,36,0,52,54,27,10,5
3110930,2178,1774,404,8,284,588,694,433,171,2,190,448,591,393,150,6,94,140,103,40,21
3110931,94,47,47,0,36,30,16,6,6,0,11,15,10,6,5,0,25,15,6,0,1
3110938,1522,927,595,0,253,457,423,297,92,0,147,314,251,143,72,0,106,143,172,154,20
3110942,3242,1952,1290,7,578,932,791,613,321,3,328,587,461,351,222,4,250,345,330,262,99
3110943,1122,578,544,1,67,165,357,323,209,1,36,99,151,140,151,0,31,66,206,183,58
3110994,494,382,112,7,65,161,123,110,28,4,47,134,103,73,21,3,18,27,20,37,7
3130305,85,43,42,0,21,14,14,19,17,0,7,7,6,14,9,0,14,7,8,5,8
3120193,6384,3798,2586,15,1278,1918,1493,983,697,6,466,1071,1021,696,538,9,812,847,472,287,159
3120220,5716,3394,2322,26,1854,2307,1022,333,174,2,774,1495,752,234,137,24,1080,812,270,99,37
3120210,48780,26797,21983,117,11358,13636,11065,7952,4652,54,5356,8026,6479,4158,2724,63,6002,5610,4586,3794,1928
3120221,17557,12129,5428,22,3154,5248,3562,2734,2837,8,2167,4087,2812,1669,1386,14,987,1161,750,1065,1451
3110988,1594,1016,578,1,243,425,364,346,215,1,82,247,247,262,177,0,161,178,117,84,38
3130304,24,13,11,0,3,4,6,7,4,0,1,1,3,5,3,0,2,3,3,2,1
3120197,58731,38593,20138,93,10093,18065,15897,10840,3743,43,5229,11924,11872,7083,2442,50,4864,6141,4025,3757,1301
3120237,9922,5579,4343,59,1236,1684,1762,1665,3516,25,543,1068,1140,766,2037,34,693,616,622,899,1479
3111045,36,18,18,0,2,7,12,12,3,0,1,1,7,7,2,0,1,6,5,5,1
3111047,111,73,38,0,9,17,34,34,17,0,6,14,19,22,12,0,3,3,15,12,5
3111043,32,13,19,0,1,3,7,12,9,0,0,0,1,6,6,0,1,3,6,6,3
3120238,430,260,170,5,53,101,116,79,76,4,25,48,61,57,65,1,28,53,55,22,11
3120226,2344,1748,596,6,272,329,431,334,972,5,128,199,262,228,926,1,144,130,169,106,46
3111012,732,332,400,2,91,127,180,183,149,2,23,56,83,93,75,0,68,71,97,90,74
3120228,4494,2725,1769,7,707,1306,1038,695,741,1,288,851,680,410,495,6,419,455,358,285,246
3111035,531,398,133,0,41,90,148,148,104,0,32,66,121,102,77,0,9,24,27,46,27
3111028,424,194,230,0,54,66,132,116,56,0,29,36,49,50,30,0,25,30,83,66,26
3111087,197,89,108,0,26,46,62,36,27,0,5,21,26,17,20,0,21,25,36,19,7
3120246,3415,1545,1870,14,385,562,837,913,704,8,169,318,417,302,331,6,216,244,420,611,373
3111083,411,245,166,0,67,62,70,100,112,0,47,43,41,44,70,0,20,19,29,56,42
3130325,89,30,59,0,8,10,13,28,30,0,3,6,5,8,8,0,5,4,8,20,22
3111074,147,77,70,2,31,38,40,16,20,1,9,23,23,10,11,1,22,15,17,6,9
3111053,6288,4564,1724,6,799,940,1025,1564,1954,3,542,693,750,1053,1523,3,257,247,275,511,431
3111061,831,551,280,0,149,186,182,170,144,0,82,128,126,125,90,0,67,58,56,45,54
3130318,266,132,134,0,31,43,49,55,88,0,9,12,19,26,66,0,22,31,30,29,22
3111056,191,53,138,0,27,35,64,36,29,0,4,5,19,15,10,0,23,30,45,21,19
3110036,52,34,18,0,3,6,16,12,15,0,1,3,9,11,10,0,2,3,7,1,5
3110028,704,279,425,1,177,179,137,123,87,0,56,60,56,65,42,1,121,119,81,58,45
3120010,4095,2287,1808,50,1544,1304,651,377,169,2,585,792,484,292,132,48,959,512,167,85,37
3130017,12,9,3,0,1,4,4,2,1,0,1,4,3,0,1,0,0,0,1,2,0
3120016,182,115,67,1,10,24,42,40,65,0,6,12,20,28,49,1,4,12,22,12,16
3110034,41,35,6,0,2,1,14,13,11,0,2,1,10,11,11,0,0,0,4,2,0
3110014,194,82,112,0,28,54,40,44,28,0,4,14,21,24,19,0,24,40,19,20,9
3110286,986,472,514,17,187,285,318,122,57,8,70,127,144,83,40,9,117,158,174,39,17
3130036,3089,921,2168,8,1868,593,250,198,172,3,316,189,171,120,122,5,1552,404,79,78,50
3120033,867,437,430,7,127,212,194,201,126,1,44,107,99,89,97,6,83,105,95,112,29
3001492,104830,53674,51156,423,27134,34007,23384,15726,4156,137,8860,16080,15133,10824,2640,286,18274,17927,8251,4902,1516
3120023,10242,5534,4708,15,2234,3260,2778,1425,530,4,852,1657,1658,983,380,11,1382,1603,1120,442,150
3130031,921,698,223,2,101,281,234,159,144,1,64,230,181,104,118,1,37,51,53,55,26
3120021,23737,14953,8784,73,4071,8120,7087,3484,902,13,1699,4433,5165,2993,650,60,2372,3687,1922,491,252
3110053,281,166,115,0,52,69,69,54,37,0,23,45,43,27,28,0,29,24,26,27,9
3130049,42,19,23,0,3,5,9,13,12,0,1,3,0,7,8,0,2,2,9,6,4
3120043,22578,15322,7256,58,4087,7782,5513,3664,1474,27,2087,4897,4201,3033,1077,31,2000,2885,1312,631,397
3110040,165,78,87,0,33,30,40,37,25,0,14,15,17,13,19,0,19,15,23,24,6
3120024,2167,1364,803,2,341,795,582,250,197,1,146,473,416,192,136,1,195,322,166,58,61
3110039,49,26,23,0,2,8,12,14,13,0,0,4,9,8,5,0,2,4,3,6,8
3130024,732,426,306,2,54,129,172,177,198,1,15,75,95,108,132,1,39,54,77,69,66
3130022,1907,850,1057,0,330,855,598,113,11,0,55,378,338,70,9,0,275,477,260,43,2
3120045,4044,1580,2464,7,424,908,1421,1162,122,1,257,576,502,205,39,6,167,332,919,957,83
3130060,4,1,3,0,0,2,0,2,0,0,0,1,0,0,0,0,0,1,0,2,0
3110072,374,244,130,6,108,96,78,51,35,0,51,71,62,37,23,6,57,25,16,14,12
3110059,385,307,78,0,38,71,113,138,25,0,21,48,99,124,15,0,17,23,14,14,10
3001491,5839,3064,2775,28,1377,2065,1290,768,311,18,514,986,777,541,228,10,863,1079,513,227,83
3110069,825,291,534,3,200,296,163,87,76,3,34,92,77,40,45,0,166,204,86,47,31
3110095,1186,801,385,16,160,326,321,298,65,8,61,235,227,226,44,8,99,91,94,72,21
3110097,7,4,3,0,2,3,2,0,0,0,0,2,2,0,0,0,2,1,0,0,0
3110077,385,317,68,0,37,86,148,98,16,0,21,66,130,88,12,0,16,20,18,10,4
3110103,13,11,2,1,0,2,2,6,2,0,0,2,2,5,2,1,0,0,0,1,0
3130073,45,17,28,1,3,10,9,11,11,0,0,2,4,5,6,1,3,8,5,6,5
3110137,6605,4295,2310,31,1016,1740,1836,1344,638,22,557,1152,1250,828,486,9,459,588,586,516,152
3110138,160,79,81,0,15,27,53,41,24,0,4,12,21,23,19,0,11,15,32,18,5
3120057,2218,1220,998,52,412,432,503,468,351,19,236,257,289,206,213,33,176,175,214,262,138
3110177,112,81,31,0,6,25,28,32,21,0,3,14,19,26,19,0,3,11,9,6,2
3110175,367,233,134,0,41,73,108,86,59,0,24,48,69,53,39,0,17,25,39,33,20
3110146,742,537,205,0,50,81,212,276,123,0,25,45,160,209,98,0,25,36,52,67,25
3110150,1179,698,481,1,197,352,252,217,160,1,83,194,161,132,127,0,114,158,91,85,33
3110195,221,115,106,0,41,58,47,40,35,0,12,28,23,27,25,0,29,30,24,13,10
3110189,1538,1086,452,1,233,490,342,167,305,0,98,349,286,136,217,1,135,141,56,31,88
3110214,86,42,44,0,18,17,24,17,10,0,6,6,13,10,7,0,12,11,11,7,3
3110224,96,41,55,0,9,14,16,29,28,0,2,4,9,18,8,0,7,10,7,11,20
3110232,579,413,166,0,41,71,119,175,173,0,14,38,80,134,147,0,27,33,39,41,26
3110201,27,11,16,0,2,1,9,10,5,0,1,0,3,4,3,0,1,1,6,6,2
3130099,7,3,4,0,1,0,2,3,1,0,0,0,1,1,1,0,1,0,1,2,0
3130090,19,13,6,0,1,4,3,5,6,0,1,2,3,3,4,0,0,2,0,2,2
3130093,5,3,2,0,0,0,1,2,2,0,0,0,1,0,2,0,0,0,0,2,0
3110190,195,92,103,0,22,34,34,45,60,0,4,18,22,19,29,0,18,16,12,26,31
3110196,23,12,11,0,1,6,8,5,3,0,1,4,3,2,2,0,0,2,5,3,1
3120065,323,205,118,3,48,55,87,76,54,1,27,39,48,49,41,2,21,16,39,27,13
3110215,28,18,10,0,3,4,9,7,5,0,3,2,6,3,4,0,0,2,3,4,1
3110222,20,17,3,0,0,3,2,6,9,0,0,2,2,4,9,0,0,1,0,2,0
3110273,610,446,164,7,31,37,75,209,251,0,4,8,37,168,229,7,27,29,38,41,22
3110260,126,74,52,0,24,21,24,29,28,0,14,8,12,20,20,0,10,13,12,9,8
3130105,63,27,36,0,8,14,22,11,8,0,3,6,14,3,1,0,5,8,8,8,7
3110257,397,330,67,0,17,18,50,133,179,0,6,11,34,118,161,0,11,7,16,15,18
3110238,66,48,18,0,6,7,15,23,15,0,4,5,9,15,15,0,2,2,6,8,0
3110303,139,98,41,1,7,35,44,27,25,0,2,22,28,25,21,1,5,13,16,2,4
3110305,883,661,222,3,165,255,173,133,154,1,99,199,129,103,130,2,66,56,44,30,24
3120070,466,180,286,2,83,69,78,113,121,2,21,31,37,38,51,0,62,38,41,75,70
3110331,441,297,144,3,54,146,113,78,47,0,17,105,83,55,37,3,37,41,30,23,10
3110334,170,105,65,0,21,43,31,41,34,0,8,19,19,29,30,0,13,24,12,12,4
3110293,1730,860,870,4,248,467,527,319,165,3,116,277,268,111,85,1,132,190,259,208,80
3110283,203,78,125,0,16,33,56,80,18,0,8,10,23,27,10,0,8,23,33,53,8
3110285,814,559,255,9,219,220,210,100,56,6,118,172,163,69,31,3,101,48,47,31,25
3110312,150,81,69,0,13,19,47,46,25,0,7,14,24,22,14,0,6,5,23,24,11
3110316,439,217,222,2,68,114,129,88,38,2,19,58,73,42,23,0,49,56,56,46,15
3110322,319,224,95,1,33,37,59,95,94,0,25,31,44,66,58,1,8,6,15,29,36
3110294,391,262,129,0,35,30,93,120,113,0,18,14,46,87,97,0,17,16,47,33,16
3110319,454,111,343,1,46,51,89,146,121,0,8,19,24,32,28,1,38,32,65,114,93
3110364,146,75,71,0,9,26,51,39,21,0,3,9,25,23,15,0,6,17,26,16,6
3110381,171,88,83,5,31,28,38,55,14,4,11,14,21,30,8,1,20,14,17,25,6
3130131,121,49,72,0,9,23,37,29,23,0,4,8,17,9,11,0,5,15,20,20,12
3110374,491,272,219,5,33,60,145,140,108,5,9,29,73,70,86,0,24,31,72,70,22
3110371,49,23,26,0,2,7,10,19,11,0,0,3,5,10,5,0,2,4,5,9,6
3110363,19,12,7,0,0,4,3,7,5,0,0,3,1,4,4,0,0,1,2,3,1
3110361,101,29,72,0,9,12,19,28,33,0,2,4,3,7,13,0,7,8,16,21,20
3110360,321,222,99,0,34,61,63,67,96,0,7,43,42,44,86,0,27,18,21,23,10
3110357,725,611,114,0,25,36,171,340,153,0,4,18,146,310,133,0,21,18,25,30,20
3110340,176,99,77,0,24,55,50,29,18,0,8,43,31,7,10,0,16,12,19,22,8
3110341,496,411,85,0,15,25,80,258,118,0,4,10,52,237,108,0,11,15,28,21,10
3110390,231,110,121,0,18,63,68,58,24,0,7,36,28,27,12,0,11,27,40,31,12
3110408,355,105,250,0,66,70,100,85,34,0,12,24,32,21,16,0,54,46,68,64,18
3110433,401,137,264,1,30,41,46,46,237,1,17,30,25,18,46,0,13,11,21,28,191
3130157,68,35,33,0,14,17,13,15,9,0,8,13,6,6,2,0,6,4,7,9,7
3110423,280,104,176,0,27,29,65,73,86,0,9,15,31,29,20,0,18,14,34,44,66
3120090,796,297,499,5,187,160,183,154,107,1,65,66,64,53,48,4,122,94,119,101,59
3110462,335,216,119,1,40,61,100,72,61,1,23,36,61,48,47,0,17,25,39,24,14
3130170,58,26,32,1,7,9,13,19,9,1,2,2,5,11,5,0,5,7,8,8,4
3110481,199,89,110,0,13,44,41,60,41,0,2,23,11,25,28,0,11,21,30,35,13
3110443,20,12,8,0,1,2,7,6,4,0,0,2,2,4,4,0,1,0,5,2,0
3110459,547,198,349,1,50,105,159,154,78,0,9,38,77,41,33,1,41,67,82,113,45
3110468,1202,526,676,2,142,266,324,272,196,0,45,119,142,116,104,2,97,147,182,156,92
3110478,355,220,135,2,26,37,56,56,178,2,16,23,28,32,119,0,10,14,28,24,59
3110463,123,54,69,0,7,23,36,26,31,0,3,6,14,11,20,0,4,17,22,15,11
3130161,8,5,3,0,0,1,2,2,3,0,0,0,1,2,2,0,0,1,1,0,1
3110507,1537,1156,381,29,392,636,318,129,33,26,257,481,282,83,27,3,135,155,36,46,6
3110495,501,372,129,0,28,67,125,185,96,0,11,45,88,152,76,0,17,22,37,33,20
3130179,147,65,82,3,34,15,41,31,23,1,12,3,14,17,18,2,22,12,27,14,5
3110528,324,160,164,0,11,25,38,72,178,0,10,14,20,24,92,0,1,11,18,48,86
3110580,78,20,58,0,3,6,16,25,28,0,0,1,3,11,5,0,3,5,13,14,23
3110568,67,32,35,0,12,21,14,15,5,0,4,10,6,9,3,0,8,11,8,6,2
3110545,789,460,329,1,64,151,210,235,128,1,24,92,106,146,91,0,40,59,104,89,37
3110584,49,13,36,0,4,7,14,13,11,0,0,0,2,5,6,0,4,7,12,8,5
3110556,176,112,64,3,17,42,58,39,17,3,8,27,39,24,11,0,9,15,19,15,6
3110622,458,261,197,0,58,90,102,138,70,0,26,47,63,65,60,0,32,43,39,73,10
3110601,1200,814,386,3,116,180,274,437,190,1,61,115,183,309,145,2,55,65,91,128,45
3110598,381,174,207,0,16,50,101,131,83,0,4,22,40,60,48,0,12,28,61,71,35
3120109,608,342,266,2,56,104,110,170,166,1,18,40,50,104,129,1,38,64,60,66,37
3110609,1377,1358,19,0,14,15,52,171,1125,0,10,11,45,168,1124,0,4,4,7,3,1
3110652,643,483,160,0,70,131,146,169,127,0,32,102,104,139,106,0,38,29,42,30,21
3110675,235,161,74,0,13,45,60,59,58,0,6,28,34,46,47,0,7,17,26,13,11
3110672,168,91,77,1,26,41,35,49,16,1,19,23,14,23,11,0,7,18,21,26,5
3110660,4614,2039,2575,10,469,707,766,1291,1371,5,197,427,424,447,539,5,272,280,342,844,832
3110645,782,381,401,0,63,120,238,219,142,0,32,60,86,88,115,0,31,60,152,131,27
3130213,112,77,35,0,13,20,25,29,25,0,10,18,14,14,21,0,3,2,11,15,4
3110630,1472,1008,464,0,157,294,298,328,395,0,67,180,202,240,319,0,90,114,96,88,76
3130212,8,6,2,0,1,0,3,2,2,0,1,0,3,0,2,0,0,0,0,2,0
3110640,1019,638,381,3,139,292,240,195,150,3,62,119,167,158,129,0,77,173,73,37,21
3110655,589,356,233,0,97,156,148,113,75,0,29,94,98,77,58,0,68,62,50,36,17
3120126,135,86,49,0,11,30,48,26,20,0,2,16,38,15,15,0,9,14,10,11,5
3110692,233,148,85,0,12,52,54,66,49,0,7,19,35,49,38,0,5,33,19,17,11
3110695,537,312,225,1,56,150,140,121,69,1,31,97,72,64,47,0,25,53,68,57,22
3130226,2,2,0,0,1,1,0,0,0,0,1,1,0,0,0,0,0,0,0,0,0
3110714,261,149,112,0,32,43,54,76,56,0,7,18,31,50,43,0,25,25,23,26,13
3110708,71,33,38,0,10,12,15,24,10,0,3,4,7,10,9,0,7,8,8,14,1
3110715,84,59,25,0,12,13,29,23,7,0,5,10,19,19,6,0,7,3,10,4,1
3110713,2668,1817,851,5,474,650,706,533,300,3,323,472,514,332,173,2,151,178,192,201,127
3110718,1614,1061,553,3,308,462,397,336,108,3,167,313,292,220,66,0,141,149,105,116,42
3110707,1045,760,285,4,141,266,246,253,135,3,78,195,185,186,113,1,63,71,61,67,22
3120123,2120,1645,475,1,313,413,505,594,294,0,276,331,389,425,224,1,37,82,116,169,70
3110726,222,172,50,0,19,25,41,62,75,0,17,16,22,45,72,0,2,9,19,17,3
3110727,659,514,145,4,72,152,169,191,71,4,48,118,128,165,51,0,24,34,41,26,20
3110738,249,125,124,0,17,27,65,90,50,0,12,14,34,40,25,0,5,13,31,50,25
3110744,486,292,194,0,31,86,125,152,92,0,22,53,69,89,59,0,9,33,56,63,33
3130232,33,24,9,0,3,12,5,10,3,0,2,9,4,6,3,0,1,3,1,4,0
3120133,154,66,88,1,16,23,31,43,40,1,7,11,15,12,20,0,9,12,16,31,20
3110734,92,47,45,0,7,11,21,29,24,0,3,5,14,13,12,0,4,6,7,16,12
3130236,139,42,97,0,13,23,49,40,14,0,4,3,12,17,6,0,9,20,37,23,8
3110747,813,612,201,0,46,81,166,224,296,0,27,52,102,165,266,0,19,29,64,59,30
3110754,202,76,126,1,21,41,48,41,50,0,6,18,29,10,13,1,15,23,19,31,37
3120138,2754,1653,1101,23,745,579,479,488,440,15,395,347,312,309,275,8,350,232,167,179,165
3110781,182,112,70,0,23,29,51,38,41,0,8,16,34,23,31,0,15,13,17,15,10
3110776,168,106,62,0,12,20,48,63,25,0,11,10,35,34,16,0,1,10,13,29,9
3110792,3343,1737,1606,28,554,856,830,851,224,11,223,385,459,526,133,17,331,471,371,325,91
3120137,50,21,29,2,11,8,13,12,4,0,4,1,7,7,2,2,7,7,6,5,2
3110812,363,245,118,0,69,115,106,50,23,0,34,78,85,29,19,0,35,37,21,21,4
3110798,53,20,33,0,2,13,14,13,11,0,0,3,3,6,8,0,2,10,11,7,3
3110811,187,94,93,0,22,41,49,52,23,0,8,22,18,27,19,0,14,19,31,25,4
3110756,275,179,96,0,48,79,78,35,35,0,21,58,52,21,27,0,27,21,26,14,8
3130257,158,116,42,0,11,26,33,47,41,0,7,16,22,37,34,0,4,10,11,10,7
3110800,227,153,74,0,26,34,61,66,40,0,13,22,37,46,35,0,13,12,24,20,5
3110806,76,42,34,0,18,30,13,13,2,0,5,16,9,11,1,0,13,14,4,2,1
3110820,3101,2470,631,1,651,742,555,991,161,0,438,581,448,879,124,1,213,161,107,112,37
3120156,3366,1461,1905,14,640,802,748,644,518,7,213,337,380,258,266,7,427,465,368,386,252
3110839,187,67,120,0,10,51,57,46,23,0,2,14,22,11,18,0,8,37,35,35,5
3110833,255,163,92,2,20,61,74,74,24,0,17,49,47,34,16,2,3,12,27,40,8
3110819,456,226,230,0,62,93,114,73,114,0,14,33,50,48,81,0,48,60,64,25,33
3110876,49,29,20,0,5,9,16,9,10,0,2,4,10,4,9,0,3,5,6,5,1
3130284,17,10,7,0,0,1,3,10,3,0,0,1,1,6,2,0,0,0,2,4,1
3110889,376,317,59,0,29,36,69,136,106,0,18,20,47,130,102,0,11,16,22,6,4
3110901,245,143,102,3,39,58,73,51,21,3,21,35,38,30,16,0,18,23,35,21,5
3130275,164,121,43,0,17,38,46,34,29,0,15,32,30,23,21,0,2,6,16,11,8
3120185,12723,7377,5346,29,2723,4108,3218,1875,770,10,1037,2421,2225,1194,490,19,1686,1687,993,681,280
3110908,1517,376,1141,0,66,110,396,804,141,0,42,53,71,141,69,0,24,57,325,663,72
3110953,2487,1583,904,15,679,891,571,218,113,0,336,572,409,180,86,15,343,319,162,38,27
3110968,1023,596,427,7,327,204,133,121,231,4,177,117,81,68,149,3,150,87,52,53,82
3120203,7726,4602,3124,27,1589,2070,1890,1381,769,8,650,1218,1293,882,551,19,939,852,597,499,218
3110966,1634,1016,618,18,470,498,299,216,133,7,256,298,200,146,109,11,214,200,99,70,24
3110996,1940,1218,722,2,81,274,345,337,901,0,47,206,276,245,444,2,34,68,69,92,457
3110982,166,74,92,0,31,34,41,41,19,0,7,13,25,14,15,0,24,21,16,27,4
3111002,317,115,202,0,22,63,65,96,71,0,7,31,21,26,30,0,15,32,44,70,41
3110973,1448,784,664,4,275,332,289,269,279,1,146,203,162,128,144,3,129,129,127,141,135
3110987,410,201,209,1,80,64,74,101,90,1,40,36,31,40,53,0,40,28,43,61,37
3111022,686,344,342,1,59,145,176,222,83,0,37,95,98,70,44,1,22,50,78,152,39
3111041,411,336,75,1,102,118,81,62,47,1,84,93,67,50,41,0,18,25,14,12,6
3120236,4622,3221,1401,15,678,1056,1076,989,808,10,373,711,778,710,639,5,305,345,298,279,169
3111014,521,273,248,1,42,75,119,190,94,0,21,42,67,83,60,1,21,33,52,107,34
3111031,3127,2317,810,8,263,415,651,857,933,2,170,330,497,648,670,6,93,85,154,209,263
3130314,203,100,103,1,24,42,50,61,25,1,15,27,22,19,16,0,9,15,28,42,9
3120242,4533,2940,1593,33,536,1064,1057,894,949,13,287,678,696,560,706,20,249,386,361,334,243
3111084,169,104,65,2,27,32,37,58,13,2,21,23,24,25,9,0,6,9,13,33,4
3111073,973,578,395,1,134,224,250,206,158,1,58,122,160,124,113,0,76,102,90,82,45
3120248,859,331,528,4,114,141,223,203,174,2,41,59,84,68,77,2,73,82,139,135,97
3120249,1359,916,443,3,172,305,337,317,225,1,75,198,249,221,172,2,97,107,88,96,53
3130319,47,31,16,0,3,8,14,10,12,0,3,4,9,7,8,0,0,4,5,3,4
3111072,747,473,274,1,59,119,201,187,180,0,20,70,116,127,140,1,39,49,85,60,40
3130322,7,4,3,0,0,0,2,4,1,0,0,0,1,2,1,0,0,0,1,2,0
3110017,650,322,328,0,133,273,152,58,34,0,26,130,93,43,30,0,107,143,59,15,4
3120001,1510,1022,488,1,265,530,359,278,77,1,106,344,272,237,62,0,159,186,87,41,15
3110004,32,14,18,0,3,4,8,14,3,0,1,0,3,8,2,0,2,4,5,6,1
3110002,475,121,354,1,146,140,118,44,26,1,25,25,41,14,15,0,121,115,77,30,11
3120062,12648,5435,7213,13,1214,2604,3451,3483,1883,2,444,1433,1624,1125,807,11,770,1171,1827,2358,1076
3110025,213,129,84,2,17,46,63,56,29,0,6,23,43,33,24,2,11,23,20,23,5
3120011,2984,1666,1318,5,420,1022,880,515,142,0,165,497,518,378,108,5,255,525,362,137,34
3130051,391,156,235,1,82,94,98,66,50,1,18,25,43,36,33,0,64,69,55,30,17
3130053,160,69,91,0,22,24,46,37,31,0,8,8,20,15,18,0,14,16,26,22,13
3110110,87,54,33,1,12,16,24,18,16,1,7,11,13,10,12,0,5,5,11,8,4
3130042,158,67,91,2,36,30,40,21,29,2,9,9,19,8,20,0,27,21,21,13,9
3110591,87,48,39,0,15,19,21,28,4,0,9,9,11,16,3,0,6,10,10,12,1
3130062,39,16,23,0,1,7,11,15,5,0,0,3,4,6,3,0,1,4,7,9,2
3110086,9244,3609,5635,12,3187,3891,1654,428,72,3,733,1558,905,355,55,9,2454,2333,749,73,17
3110085,532,260,272,4,98,163,148,67,52,2,40,59,78,41,40,2,58,104,70,26,12
3110066,748,467,281,6,152,227,156,125,82,3,81,151,104,66,62,3,71,76,52,59,20
3110105,38,17,21,0,1,7,11,10,9,0,0,2,3,6,6,0,1,5,8,4,3
3110116,4825,3644,1181,29,323,769,1077,1762,865,26,206,565,875,1315,657,3,117,204,202,447,208
3110128,911,573,338,1,98,165,255,266,126,1,53,94,157,170,98,0,45,71,98,96,28
3110120,79,49,30,0,8,12,35,18,6,0,3,8,23,10,5,0,5,4,12,8,1
3110124,1253,1006,247,7,170,155,222,312,387,6,94,111,169,268,358,1,76,44,53,44,29
3110129,640,405,235,1,65,118,131,180,145,0,35,70,86,107,107,1,30,48,45,73,38
3110132,786,521,265,0,97,182,220,197,90,0,67,133,145,108,68,0,30,49,75,89,22
3110111,51,40,11,0,6,7,6,17,15,0,6,4,4,13,13,0,0,3,2,4,2
3110166,552,292,260,1,70,121,177,115,68,1,20,59,99,60,53,0,50,62,78,55,15
3110160,819,680,139,0,149,322,180,157,11,0,110,261,150,149,10,0,39,61,30,8,1
3120054,1196,805,391,0,61,141,304,441,249,0,17,79,201,322,186,0,44,62,103,119,63
3110145,7,4,3,0,0,1,2,3,1,0,0,0,1,3,0,0,0,1,1,0,1
3120055,4255,2030,2225,33,1138,780,911,991,402,23,548,430,436,330,263,10,590,350,475,661,139
3110164,731,494,237,3,111,126,143,164,184,0,61,77,101,112,143,3,50,49,42,52,41
3130076,93,70,23,0,2,11,16,17,47,0,1,4,14,11,40,0,1,7,2,6,7
3110158,715,518,197,1,113,210,184,138,69,0,73,168,123,104,50,1,40,42,61,34,19
3130100,93,40,53,2,19,25,23,11,13,2,4,9,11,6,8,0,15,16,12,5,5
3110227,229,93,136,0,16,30,77,84,22,0,13,16,27,23,14,0,3,14,50,61,8
3110181,1864,1212,652,12,209,232,286,440,685,12,150,162,188,282,418,0,59,70,98,158,267
3110192,70,45,25,0,7,10,25,16,12,0,2,6,17,10,10,0,5,4,8,6,2
3130085,4,2,2,0,0,0,1,2,1,0,0,0,0,1,1,0,0,0,1,1,0
3110182,370,249,121,0,38,71,108,87,66,0,20,47,67,64,51,0,18,24,41,23,15
3110223,94,56,38,0,13,17,26,24,14,0,4,10,17,15,10,0,9,7,9,9,4
3110191,48,41,7,0,1,12,14,9,12,0,1,10,11,8,11,0,0,2,3,1,1
3110193,48,37,11,0,5,11,11,10,11,0,3,5,10,10,9,0,2,6,1,0,2
3110208,75,56,19,0,2,14,7,17,35,0,1,7,2,11,35,0,1,7,5,6,0
3130103,16,8,8,0,0,1,2,2,11,0,0,1,1,1,5,0,0,0,1,1,6
3110270,168,148,20,0,4,5,7,70,82,0,4,3,6,59,76,0,0,2,1,11,6
3110274,523,360,163,0,46,59,135,146,137,0,8,37,89,115,111,0,38,22,46,31,26
3110277,145,78,67,0,12,30,29,43,31,0,4,13,16,23,22,0,8,17,13,20,9
3120068,145,45,100,3,38,31,25,22,26,0,1,5,12,12,15,3,37,26,13,10,11
3110253,181,106,75,0,31,31,44,49,26,0,10,17,23,35,21,0,21,14,21,14,5
3110249,764,479,285,0,68,129,205,203,159,0,31,61,105,139,143,0,37,68,100,64,16
3110250,111,69,42,0,7,20,32,34,18,0,5,12,15,23,14,0,2,8,17,11,4
3130116,31,22,9,0,2,9,7,8,5,0,2,4,4,7,5,0,0,5,3,1,0
3110235,17,12,5,0,6,3,1,5,2,0,5,1,1,3,2,0,1,2,0,2,0
3110306,317,218,99,2,13,50,81,77,94,0,3,29,53,50,83,2,10,21,28,27,11
3110304,248,146,102,0,40,77,61,48,22,0,10,46,35,37,18,0,30,31,26,11,4
3110291,342,172,170,2,27,49,94,91,79,0,14,24,49,51,34,2,13,25,45,40,45
3110336,94,84,10,0,3,17,16,37,21,0,3,15,13,34,19,0,0,2,3,3,2
3110335,249,172,77,1,19,32,66,64,67,0,13,18,34,45,62,1,6,14,32,19,5
3110327,118,60,58,0,8,17,42,31,20,0,3,8,24,14,11,0,5,9,18,17,9
3110330,220,172,48,0,12,18,33,31,126,0,4,12,20,23,113,0,8,6,13,8,13
3110332,164,63,101,0,28,29,42,47,18,0,6,18,19,14,6,0,22,11,23,33,12
3110347,38,17,21,0,10,7,5,9,7,0,1,5,1,5,5,0,9,2,4,4,2
3130137,86,29,57,0,5,10,18,25,28,0,0,3,8,7,11,0,5,7,10,18,17
3110344,12,10,2,0,7,1,1,2,1,0,5,1,1,2,1,0,2,0,0,0,0
3110353,187,91,96,0,4,18,48,60,57,0,1,12,33,27,18,0,3,6,15,33,39
3110337,512,368,144,6,70,69,94,159,114,6,43,58,60,98,103,0,27,11,34,61,11
3110397,469,257,212,0,31,56,101,131,150,0,6,34,39,73,105,0,25,22,62,58,45
3110406,634,573,61,0,10,29,139,292,164,0,3,17,126,276,151,0,7,12,13,16,13
3110387,307,169,138,0,37,47,91,75,57,0,13,24,49,39,44,0,24,23,42,36,13
3110389,209,120,89,0,23,37,57,53,39,0,10,19,35,30,26,0,13,18,22,23,13
3120079,1326,796,530,0,151,232,320,304,319,0,54,108,172,195,267,0,97,124,148,109,52
3110435,73,40,33,0,5,12,18,25,13,0,3,4,8,14,11,0,2,8,10,11,2
3110415,635,386,249,5,82,110,155,174,109,5,46,71,85,110,69,0,36,39,70,64,40
3110436,93,60,33,0,15,21,33,20,4,0,5,13,23,15,4,0,10,8,10,5,0
3110432,894,734,160,0,55,146,248,343,102,0,27,96,214,311,86,0,28,50,34,32,16
3110483,119,74,45,0,11,16,34,17,41,0,3,9,26,10,26,0,8,7,8,7,15
3110491,43,14,29,0,3,5,13,9,13,0,1,1,5,3,4,0,2,4,8,6,9
3120087,425,258,167,0,45,82,110,105,83,0,17,49,75,59,58,0,28,33,35,46,25
3110452,373,317,56,1,10,36,63,123,140,1,7,25,47,107,130,0,3,11,16,16,10
3110471,263,117,146,0,34,61,73,70,25,0,11,21,28,35,22,0,23,40,45,35,3
3110469,344,188,156,1,38,58,104,104,39,0,11,29,61,57,30,1,27,29,43,47,9
3130172,19,8,11,0,1,4,5,6,3,0,0,1,2,4,1,0,1,3,3,2,2
3110497,325,253,72,0,17,43,89,123,53,0,3,17,75,115,43,0,14,26,14,8,10
3110500,74,54,20,0,12,13,23,22,4,0,8,9,17,17,3,0,4,4,6,5,1
3110494,31,24,7,0,1,8,7,9,6,0,0,7,5,7,5,0,1,1,2,2,1
3110530,36,20,16,0,5,5,7,15,4,0,2,5,4,6,3,0,3,0,3,9,1
3110509,391,210,181,0,39,105,101,88,58,0,13,52,51,53,41,0,26,53,50,35,17
3110524,51,23,28,0,10,13,15,8,5,0,5,6,6,3,3,0,5,7,9,5,2
3110501,214,82,132,0,12,33,40,75,54,0,3,20,15,18,26,0,9,13,25,57,28
3130182,78,35,43,0,13,8,24,22,11,0,3,4,10,12,6,0,10,4,14,10,5
3110539,2792,1821,971,13,225,688,889,822,155,9,167,550,547,424,124,4,58,138,342,398,31
3110519,341,156,185,0,42,73,79,94,53,0,14,33,44,37,28,0,28,40,35,57,25
3130197,15,5,10,0,0,1,5,4,5,0,0,1,0,2,2,0,0,0,5,2,3
3110576,1605,1112,493,71,503,480,308,163,80,27,310,365,253,111,46,44,193,115,55,52,34
3110573,28,10,18,0,7,3,6,6,6,0,2,0,3,1,4,0,5,3,3,5,2
3110563,309,246,63,11,75,122,61,17,23,9,60,95,50,13,19,2,15,27,11,4,4
3120105,524,273,251,4,126,153,122,71,48,2,51,74,70,42,34,2,75,79,52,29,14
3120101,1932,1048,884,2,302,520,515,399,194,2,89,236,312,266,143,0,213,284,203,133,51
3130189,24,10,14,0,2,1,7,6,8,0,0,1,2,3,4,0,2,0,5,3,4
3120104,5955,3176,2779,20,1117,1491,1289,1103,935,12,428,824,772,620,520,8,689,667,517,483,415
3110564,471,211,260,0,54,125,161,78,53,0,19,47,103,22,20,0,35,78,58,56,33
3110621,163,78,85,0,19,44,33,45,22,0,1,21,19,23,14,0,18,23,14,22,8
3130208,148,67,81,0,13,20,55,37,23,0,7,6,18,19,17,0,6,14,37,18,6
3130209,113,62,51,0,7,15,23,43,25,0,2,13,10,20,17,0,5,2,13,23,8
3110592,431,337,94,0,18,34,71,147,161,0,9,13,44,124,147,0,9,21,27,23,14
3110604,635,526,109,0,13,50,120,232,220,0,6,29,87,191,213,0,7,21,33,41,7
3110595,731,459,272,0,80,148,163,185,155,0,34,85,86,136,118,0,46,63,77,49,37
3110603,187,104,83,0,12,54,55,38,28,0,5,28,33,19,19,0,7,26,22,19,9
3130207,38,21,17,0,8,9,10,7,4,0,3,5,6,4,3,0,5,4,4,3,1
3110625,726,454,272,2,98,196,215,155,60,0,51,124,146,94,39,2,47,72,69,61,21
3130211,15,10,5,0,1,1,5,7,1,0,1,1,3,4,1,0,0,0,2,3,0
3110694,438,243,195,2,55,148,88,96,49,0,24,75,49,59,36,2,31,73,39,37,13
3110614,596,292,304,0,69,85,114,216,112,0,42,44,58,103,45,0,27,41,56,113,67
3120119,1427,686,741,2,184,339,416,350,136,1,54,148,211,174,98,1,130,191,205,176,38
3110643,653,413,240,1,97,165,199,139,52,0,47,101,136,93,36,1,50,64,63,46,16
3110667,177,126,51,0,33,32,56,36,20,0,21,20,38,29,18,0,12,12,18,7,2
3110639,534,376,158,1,76,67,89,155,146,1,18,26,52,140,139,0,58,41,37,15,7
3110641,345,236,109,2,46,95,100,79,23,1,30,72,61,52,20,1,16,23,39,27,3
3110633,28,14,14,0,0,6,10,7,5,0,0,1,5,3,5,0,0,5,5,4,0
3110642,193,163,30,2,8,14,35,69,65,1,4,10,30,58,60,1,4,4,5,11,5
3110678,285,214,71,1,34,65,92,60,33,1,17,53,72,47,24,0,17,12,20,13,9
3110653,917,494,423,1,191,273,240,171,41,0,79,137,119,135,24,1,112,136,121,36,17
3130216,75,32,43,0,4,11,21,22,17,0,2,2,9,8,11,0,2,9,12,14,6
3130215,9,7,2,0,0,1,0,3,5,0,0,1,0,2,4,0,0,0,0,1,1
3110661,126,48,78,0,3,13,30,38,42,0,2,8,10,9,19,0,1,5,20,29,23
3110664,111,48,63,0,14,10,31,43,13,0,11,7,10,9,11,0,3,3,21,34,2
3110663,279,217,62,0,6,19,48,106,100,0,3,13,26,82,93,0,3,6,22,24,7
3130219,114,35,79,0,16,17,35,29,17,0,4,6,8,9,8,0,12,11,27,20,9
3110710,606,370,236,3,83,96,105,121,198,3,46,63,63,68,127,0,37,33,42,53,71
3130223,42,12,30,0,2,10,12,14,4,0,0,1,1,7,3,0,2,9,11,7,1
3130224,5,4,1,0,0,0,1,2,2,0,0,0,1,1,2,0,0,0,0,1,0
3120130,1136,620,516,1,169,376,236,212,142,0,59,208,125,125,103,1,110,168,111,87,39
3110683,75,46,29,0,12,15,23,18,7,0,9,8,14,8,7,0,3,7,9,10,0
3130222,132,21,111,0,10,26,46,43,7,0,5,1,4,5,6,0,5,25,42,38,1
3110687,21,16,5,0,2,3,5,6,5,0,1,3,4,4,4,0,1,0,1,2,1
3120131,81127,53423,27704,289,16342,25688,20130,11589,7089,184,8639,17233,14526,7698,5143,105,7703,8455,5604,3891,1946
3110740,646,280,366,1,135,134,136,170,70,1,47,54,56,71,51,0,88,80,80,99,19
3110733,374,293,81,3,34,89,74,90,84,3,22,67,59,66,76,0,12,22,15,24,8
3110739,99,77,22,0,4,22,30,27,16,0,1,16,26,21,13,0,3,6,4,6,3
3130246,237,126,111,0,24,33,47,77,56,0,9,11,28,39,39,0,15,22,19,38,17
3120136,6456,3190,3266,20,1167,1451,1361,1429,1028,12,562,814,730,580,492,8,605,637,631,849,536
3110794,622,482,140,0,72,112,182,170,86,0,37,84,150,136,75,0,35,28,32,34,11
3110775,59,28,31,0,4,13,20,14,8,0,1,6,6,9,6,0,3,7,14,5,2
3120140,6184,3312,2872,22,1447,1843,1639,925,308,11,558,994,994,525,230,11,889,849,645,400,78
3110814,673,364,309,1,51,117,155,236,113,1,23,79,97,104,60,0,28,38,58,132,53
3130259,14,10,4,0,1,0,5,4,4,0,1,0,3,3,3,0,0,0,2,1,1
3110802,336,159,177,1,59,113,86,61,16,0,18,45,44,40,12,1,41,68,42,21,4
3110791,25,17,8,0,1,5,9,9,1,0,0,2,6,8,1,0,1,3,3,1,0
3130241,500,253,247,0,95,93,123,136,53,0,39,49,66,67,32,0,56,44,57,69,21
3110773,161,127,34,0,24,40,31,22,44,0,20,33,19,18,37,0,4,7,12,4,7
3120145,3856,1817,2039,22,673,1021,921,702,517,0,202,441,486,388,300,22,471,580,435,314,217
3110796,87,52,35,1,7,19,26,19,15,0,4,11,17,9,11,1,3,8,9,10,4
3130267,59,41,18,0,6,10,12,15,16,0,4,7,9,8,13,0,2,3,3,7,3
3120153,3600,1756,1844,10,508,1172,906,675,329,2,185,464,433,450,222,8,323,708,473,225,107
3120160,9153,4750,4403,14,1560,2594,2716,1534,735,4,617,1307,1324,997,501,10,943,1287,1392,537,234
3130274,389,218,171,4,91,100,81,63,50,3,45,64,37,35,34,1,46,36,44,28,16
3110849,220,130,90,1,37,52,58,40,32,0,12,33,34,25,26,1,25,19,24,15,6
3110845,101,50,51,0,8,17,35,26,15,0,5,8,19,9,9,0,3,9,16,17,6
3110846,535,290,245,1,66,120,146,135,67,0,25,59,78,74,54,1,41,61,68,61,13
3110838,131,122,9,0,3,32,30,35,31,0,3,27,27,35,30,0,0,5,3,0,1
3110826,366,149,217,2,20,37,57,103,147,1,8,22,28,38,52,1,12,15,29,65,95
3110842,53,22,31,0,10,9,10,16,8,0,4,3,5,5,5,0,6,6,5,11,3
3110895,1796,1222,574,3,307,721,360,233,172,2,170,534,234,152,130,1,137,187,126,81,42
3110862,84,41,43,0,4,13,14,34,19,0,2,6,11,15,7,0,2,7,3,19,12
3110881,1580,1288,292,1,317,450,449,266,97,1,225,374,391,229,68,0,92,76,58,37,29
3110868,232,126,106,0,20,29,45,49,89,0,11,23,22,28,42,0,9,6,23,21,47
3110884,372,284,88,1,17,30,61,98,165,0,1,8,49,84,142,1,16,22,12,14,23
3130277,98,56,42,1,15,26,31,19,6,1,8,18,16,9,4,0,7,8,15,10,2
3130293,154,42,112,0,17,13,29,46,49,0,5,7,14,14,2,0,12,6,15,32,47
3130290,417,183,234,0,74,101,107,92,43,0,14,49,43,44,33,0,60,52,64,48,10
3110945,191,114,77,3,44,57,37,33,17,3,14,31,25,28,13,0,30,26,12,5,4
3120176,893,566,327,1,130,216,195,168,183,1,67,126,129,106,137,0,63,90,66,62,46
3110904,835,468,367,4,167,217,239,139,69,1,90,125,135,59,58,3,77,92,104,80,11
3110911,29,22,7,0,6,3,7,5,8,0,6,2,4,4,6,0,0,1,3,1,2
3110923,210,153,57,0,34,56,55,41,24,0,21,38,42,34,18,0,13,18,13,7,6
3120173,18222,10456,7766,74,3270,5403,4730,3072,1673,29,1419,3004,2846,1897,1261,45,1851,2399,1884,1175,412
3120189,72613,38819,33794,234,17636,24305,18411,9151,2876,59,6629,13226,10962,5914,2029,175,11007,11079,7449,3237,847
3120171,11750,6206,5544,15,1990,3845,2551,1862,1487,6,827,1746,1496,1064,1067,9,1163,2099,1055,798,420
3110925,874,497,377,0,104,137,244,222,167,0,38,65,146,132,116,0,66,72,98,90,51
3120181,7278,4440,2838,316,2978,1563,1247,730,444,145,1506,983,939,536,331,171,1472,580,308,194,113
3110939,5949,4099,1850,23,970,1420,1461,1174,901,15,499,989,1053,799,744,8,471,431,408,375,157
3120182,6231,4311,1920,34,1059,1675,1508,1267,688,14,546,1157,1111,930,553,20,513,518,397,337,135
3130310,298,173,125,0,29,56,71,82,60,0,8,23,42,56,44,0,21,33,29,26,16
3110957,1251,831,420,1,262,379,317,147,145,1,146,241,215,109,119,0,116,138,102,38,26
3120217,2779,1478,1301,11,552,771,700,452,293,10,220,379,381,264,224,1,332,392,319,188,69
3110989,444,270,174,9,90,148,75,68,54,0,43,102,43,44,38,9,47,46,32,24,16
3110965,1139,788,351,1,174,379,378,142,65,1,104,276,284,74,49,0,70,103,94,68,16
3120206,5243,3354,1889,87,1658,1413,1080,655,350,27,866,955,775,456,275,60,792,458,305,199,75
3110976,578,332,246,1,111,188,126,86,66,0,41,115,83,49,44,1,70,73,43,37,22
3111036,209,119,90,1,22,40,55,62,29,1,7,20,26,39,26,0,15,20,29,23,3
3130315,1382,812,570,6,315,293,263,252,253,3,118,169,166,146,210,3,197,124,97,106,43
3120234,10280,6234,4046,11,1351,2492,2151,1680,2595,3,587,1469,1440,929,1806,8,764,1023,711,751,789
3130317,107,77,30,0,15,35,24,17,16,0,11,24,12,14,16,0,4,11,12,3,0
3130316,18,9,9,0,3,3,2,10,0,0,2,2,2,3,0,0,1,1,0,7,0
3120229,7319,4732,2587,12,1062,2182,1915,1302,846,5,588,1347,1338,913,541,7,474,835,577,389,305
3120233,10419,5740,4679,28,1795,2730,2265,2158,1443,22,1125,1855,1199,788,751,6,670,875,1066,1370,692
3111009,130,94,36,1,13,38,28,24,26,0,11,32,18,15,18,1,2,6,10,9,8
3120230,876,470,406,4,96,176,202,193,205,1,38,99,115,92,125,3,58,77,87,101,80
3111013,2234,1456,778,8,320,568,650,435,253,3,160,384,445,290,174,5,160,184,205,145,79
3111039,485,353,132,8,85,125,121,94,52,8,51,89,88,72,45,0,34,36,33,22,7
3120247,572,312,260,4,91,119,146,104,108,1,37,77,74,56,67,3,54,42,72,48,41
3130321,433,269,164,0,92,114,88,92,47,0,43,72,56,61,37,0,49,42,32,31,10
3111058,451,317,134,0,51,92,129,121,58,0,37,63,90,82,45,0,14,29,39,39,13
3111055,673,29,644,0,14,28,137,373,121,0,4,7,8,6,4,0,10,21,129,367,117
3111075,193,114,79,0,14,42,54,52,31,0,14,28,24,31,17,0,0,14,30,21,14
3111063,368,182,186,0,25,44,81,85,133,0,5,15,21,30,111,0,20,29,60,55,22
3110009,930,456,474,0,207,326,226,121,50,0,91,162,105,63,35,0,116,164,121,58,15
3120003,43873,26821,17052,79,6380,12841,13071,8035,3467,12,2643,7543,8935,5616,2072,67,3737,5298,4136,2419,1395
3110033,166,89,77,0,26,42,35,40,23,0,6,22,17,25,19,0,20,20,18,15,4
3130021,50,37,13,1,1,10,12,13,13,0,0,9,10,10,8,1,1,1,2,3,5
3110023,92,33,59,0,9,24,23,20,16,0,3,7,10,5,8,0,6,17,13,15,8
3120012,2004,901,1103,7,350,585,490,309,263,2,103,201,243,166,186,5,247,384,247,143,77
3120009,8495,4786,3709,19,1355,2296,2026,1582,1217,8,563,1230,1198,953,834,11,792,1066,828,629,383
3130009,24,16,8,0,0,2,3,7,12,0,0,2,2,4,8,0,0,0,1,3,4
3110022,506,385,121,11,133,157,117,54,34,10,99,119,89,42,26,1,34,38,28,12,8
3120034,1545,1050,495,7,108,228,400,440,362,5,48,129,262,327,279,2,60,99,138,113,83
3120022,5197,3160,2037,24,1010,1611,1149,767,636,2,391,936,852,543,436,22,619,675,297,224,200
3120019,5958,3146,2812,26,1051,2221,1625,793,242,8,274,1044,982,619,219,18,777,1177,643,174,23
3130050,233,96,137,2,54,70,50,40,17,1,22,32,12,21,8,1,32,38,38,19,9
3130327,169,107,62,1,8,31,43,42,44,1,1,19,30,27,29,0,7,12,13,15,15
3110044,405,300,105,0,50,135,145,51,24,0,24,90,125,44,17,0,26,45,20,7,7
3110074,8149,1751,6398,152,5985,1340,330,181,161,9,598,652,233,134,125,143,5387,688,97,47,36
3110081,231,122,109,0,45,63,54,42,27,0,14,35,27,23,23,0,31,28,27,19,4
3110084,315,168,147,0,47,85,84,57,42,0,23,36,39,36,34,0,24,49,45,21,8
3110071,315,191,124,0,42,85,69,57,62,0,21,46,40,42,42,0,21,39,29,15,20
3130061,32,20,12,0,18,3,4,6,1,0,12,1,3,3,1,0,6,2,1,3,0
3110590,97,50,47,0,19,23,23,25,7,0,6,12,11,16,5,0,13,11,12,9,2
3130057,12,9,3,0,0,2,1,4,5,0,0,1,1,3,4,0,0,1,0,1,1
3110070,184,130,54,0,21,54,55,24,30,0,8,37,41,18,26,0,13,17,14,6,4
3110062,1506,884,622,9,319,423,319,208,228,6,142,225,216,138,157,3,177,198,103,70,71
3110079,1084,584,500,4,223,262,267,196,132,3,73,156,156,105,91,1,150,106,111,91,41
3130069,32,19,13,0,6,6,4,8,8,0,4,4,0,5,6,0,2,2,4,3,2
3110101,218,121,97,0,55,51,65,31,16,0,24,34,43,13,7,0,31,17,22,18,9
3110102,175,116,59,0,22,39,48,41,25,0,11,21,31,31,22,0,11,18,17,10,3
3130065,181,71,110,0,29,39,47,42,24,0,4,11,15,23,18,0,25,28,32,19,6
3110179,911,620,291,0,142,209,188,233,139,0,82,160,157,154,67,0,60,49,31,79,72
3110180,5440,3602,1838,17,1593,2056,1086,499,189,5,872,1464,782,331,148,12,721,592,304,168,41
3120058,688,333,355,2,92,158,174,181,81,1,33,79,80,77,63,1,59,79,94,104,18
3120060,3189,2348,841,12,402,686,870,703,516,2,209,509,686,549,393,10,193,177,184,154,123
3110159,663,391,272,1,125,115,158,132,132,1,58,62,85,87,98,0,67,53,73,45,34
3130074,21,15,6,0,6,9,2,3,1,0,3,9,0,2,1,0,3,0,2,1,0
3110153,241,83,158,1,42,57,67,57,17,0,14,22,22,17,8,1,28,35,45,40,9
3110142,215,108,107,1,37,47,45,53,32,1,20,25,24,17,21,0,17,22,21,36,11
3110148,17,12,5,0,3,3,6,5,0,0,0,2,5,5,0,0,3,1,1,0,0
3110183,839,447,392,3,238,307,149,75,67,1,88,162,81,58,57,2,150,145,68,17,10
3130089,42,33,9,0,4,7,16,6,9,0,3,7,12,4,7,0,1,0,4,2,2
3130098,55,17,38,0,9,14,15,12,5,0,2,3,4,6,2,0,7,11,11,6,3
3110228,1992,1184,808,40,1381,313,92,101,65,24,788,223,60,54,35,16,593,90,32,47,30
3130104,93,54,39,0,8,17,28,26,14,0,5,8,16,13,12,0,3,9,12,13,2
3120063,1209,528,681,3,226,225,249,252,254,2,66,88,96,117,159,1,160,137,153,135,95
3110210,341,253,88,1,9,19,24,34,254,1,4,12,10,21,205,0,5,7,14,13,49
3110197,67,46,21,0,8,19,26,9,5,0,4,15,19,7,1,0,4,4,7,2,4
3120064,97,44,53,0,14,27,21,13,22,0,9,13,10,4,8,0,5,14,11,9,14
3110243,298,114,184,1,30,49,74,104,40,0,5,21,37,31,20,1,25,28,37,73,20
3110259,543,425,118,2,48,108,172,159,54,2,29,73,131,140,50,0,19,35,41,19,4
3110269,169,98,71,0,19,53,52,28,17,0,13,32,30,19,4,0,6,21,22,9,13
3110252,712,505,207,1,64,101,159,195,192,1,42,73,87,131,171,0,22,28,72,64,21
3130111,224,109,115,0,24,37,49,82,32,0,11,17,21,38,22,0,13,20,28,44,10
3110247,381,176,205,0,54,79,123,81,44,0,21,30,55,39,31,0,33,49,68,42,13
3110255,327,208,119,0,39,52,78,92,66,0,20,24,46,62,56,0,19,28,32,30,10
3110262,1530,878,652,2,221,447,542,268,50,0,119,337,281,107,34,2,102,110,261,161,16
3110271,97,74,23,0,8,17,25,29,18,0,5,14,18,23,14,0,3,3,7,6,4
3110251,147,104,43,0,8,34,46,39,20,0,3,23,34,27,17,0,5,11,12,12,3
3110244,250,175,75,1,8,26,49,44,122,1,4,11,32,30,97,0,4,15,17,14,25
3110296,77,39,38,1,7,12,30,11,16,1,3,7,15,8,5,0,4,5,15,3,11
3110297,654,311,343,0,74,123,156,164,137,0,31,65,74,79,62,0,43,58,82,85,75
3120071,255,127,128,0,36,55,64,62,38,0,14,22,38,31,22,0,22,33,26,31,16
3110280,73,38,35,0,7,10,22,23,11,0,3,3,9,15,8,0,4,7,13,8,3
3130122,17,5,12,0,2,4,6,4,1,0,1,1,2,1,0,0,1,3,4,3,1
3120075,369,213,156,1,40,86,97,67,78,0,17,48,54,44,50,1,23,38,43,23,28
3130123,6,5,1,0,1,0,1,4,0,0,1,0,1,3,0,0,0,0,0,1,0
3110287,70,50,20,0,9,12,18,19,12,0,5,8,15,12,10,0,4,4,3,7,2
3110317,411,206,205,0,33,120,153,85,20,0,14,47,78,58,9,0,19,73,75,27,11
3120076,1930,865,1065,7,241,303,422,465,492,4,62,102,176,240,281,3,179,201,246,225,211
3110375,110,55,55,1,12,20,31,32,14,0,8,15,16,11,5,1,4,5,15,21,9
3130134,73,30,43,1,7,19,25,18,3,0,3,4,12,8,3,1,4,15,13,10,0
3110354,22,5,17,0,2,3,10,5,2,0,0,0,2,1,2,0,2,3,8,4,0
3110378,23,13,10,0,1,4,6,9,3,0,1,2,2,6,2,0,0,2,4,3,1
3130138,142,24,118,1,31,24,16,42,28,0,1,4,5,4,10,1,30,20,11,38,18
3130136,32,13,19,0,6,5,8,6,7,0,2,1,0,3,7,0,4,4,8,3,0
3130133,69,61,8,0,7,7,19,20,16,0,6,6,17,17,15,0,1,1,2,3,1
3110350,148,77,71,0,11,27,37,49,24,0,5,11,18,26,17,0,6,16,19,23,7
3110410,957,833,124,3,75,187,185,224,283,2,61,162,154,194,260,1,14,25,31,30,23
3110411,421,379,42,0,13,31,61,141,175,0,11,20,48,133,167,0,2,11,13,8,8
3110400,191,111,80,0,20,35,53,51,32,0,9,22,32,26,22,0,11,13,21,25,10
3130146,263,124,139,0,29,33,54,80,67,0,10,12,28,32,42,0,19,21,26,48,25
3130147,69,32,37,0,7,17,18,9,18,0,2,6,10,5,9,0,5,11,8,4,9
3110399,849,516,333,8,110,207,262,192,70,8,69,157,137,97,48,0,41,50,125,95,22
3130153,229,138,91,0,18,48,54,56,53,0,7,31,30,31,39,0,11,17,24,25,14
3110409,396,202,194,0,33,43,83,109,128,0,12,29,59,45,57,0,21,14,24,64,71
3120086,382,205,177,0,42,78,82,102,78,0,24,43,35,49,54,0,18,35,47,53,24
3110434,121,62,59,0,13,11,24,35,38,0,3,2,12,22,23,0,10,9,12,13,15
3120081,1552,508,1044,9,369,295,343,307,229,2,66,87,125,121,107,7,303,208,218,186,122
3110426,337,169,168,0,32,57,83,96,69,0,15,30,39,45,40,0,17,27,44,51,29
3110414,66,51,15,0,7,16,15,20,8,0,5,13,11,17,5,0,2,3,4,3,3
3110465,240,119,121,3,38,52,57,54,36,2,12,29,25,25,26,1,26,23,32,29,10
3110490,311,170,141,0,30,65,86,76,54,0,11,31,48,45,35,0,19,34,38,31,19
3110489,35,25,10,0,3,7,10,10,5,0,3,4,7,6,5,0,0,3,3,4,0
3110479,318,181,137,1,50,84,68,69,46,0,28,71,35,32,15,1,22,13,33,37,31
3130165,214,34,180,0,20,45,56,62,31,0,1,7,5,11,10,0,19,38,51,51,21
3110492,238,38,200,1,5,13,11,95,113,0,0,7,7,8,16,1,5,6,4,87,97
3110493,892,830,62,0,2,19,27,80,764,0,0,12,22,68,728,0,2,7,5,12,36
3110514,86,19,67,0,26,26,17,9,8,0,0,4,7,4,4,0,26,22,10,5,4
3110508,947,425,522,9,139,241,158,245,155,3,62,148,74,76,62,6,77,93,84,169,93
3110513,457,241,216,0,51,87,110,130,79,0,17,46,58,69,51,0,34,41,52,61,28
3110518,129,72,57,0,22,38,30,23,16,0,6,19,22,15,10,0,16,19,8,8,6
3110535,488,333,155,2,36,65,112,164,109,2,19,35,78,130,69,0,17,30,34,34,40
3110538,284,178,106,0,12,42,56,66,108,0,5,27,35,42,69,0,7,15,21,24,39
3110525,61,17,44,0,10,12,15,10,14,0,1,3,0,4,9,0,9,9,15,6,5
3110515,396,312,84,1,45,118,119,68,45,1,33,93,94,52,39,0,12,25,25,16,6
3110583,12,7,5,0,2,3,1,1,5,0,1,2,1,0,3,0,1,1,0,1,2
3110562,426,237,189,1,73,118,96,94,44,1,29,76,55,44,32,0,44,42,41,50,12
3130192,10,6,4,0,1,1,4,3,1,0,1,1,1,2,1,0,0,0,3,1,0
3130194,875,502,373,0,103,131,179,170,292,0,39,75,104,114,170,0,64,56,75,56,122
3110577,145,105,40,0,15,42,47,31,10,0,12,31,38,17,7,0,3,11,9,14,3
3110559,757,474,283,4,102,187,203,167,94,3,54,102,127,118,70,1,48,85,76,49,24
3130203,34,7,27,0,2,7,10,12,3,0,0,0,2,4,1,0,2,7,8,8,2
3110593,304,157,147,0,38,65,76,87,38,0,12,32,45,44,24,0,26,33,31,43,14
3110605,155,89,66,0,15,22,26,47,45,0,5,15,11,27,31,0,10,7,15,20,14
3110634,664,434,230,0,64,143,178,145,134,0,33,90,116,101,94,0,31,53,62,44,40
3120116,117,64,53,0,17,27,28,20,25,0,9,11,15,10,19,0,8,16,13,10,6
3110637,560,358,202,4,67,121,116,154,98,0,34,74,81,100,69,4,33,47,35,54,29
3110644,336,288,48,1,26,28,58,105,118,1,8,17,51,97,114,0,18,11,7,8,4
3110673,253,143,110,0,37,52,62,64,38,0,21,29,31,34,28,0,16,23,31,30,10
3110717,570,271,299,0,108,155,142,104,61,0,49,84,75,34,29,0,59,71,67,70,32
3130225,147,59,88,0,15,21,39,44,28,0,3,4,19,22,11,0,12,17,20,22,17
3110704,62,36,26,0,12,23,10,12,5,0,7,12,3,11,3,0,5,11,7,1,2
3110711,815,329,486,4,62,122,165,287,175,2,26,70,81,74,76,2,36,52,84,213,99
3110719,19,15,4,0,0,4,2,3,10,0,0,2,2,3,8,0,0,2,0,0,2
3120127,5871,3858,2013,6,600,1211,1435,1436,1183,5,362,967,1048,802,674,1,238,244,387,634,509
3110681,94,70,24,0,6,30,30,17,11,0,5,22,21,12,10,0,1,8,9,5,1
3110686,406,211,195,0,34,67,104,115,86,0,16,31,64,55,45,0,18,36,40,60,41
3110724,364,254,110,1,42,76,120,89,36,1,33,60,90,45,25,0,9,16,30,44,11
3110737,502,323,179,8,77,85,96,116,120,0,28,49,51,91,104,8,49,36,45,25,16
3110751,733,399,334,2,48,217,242,177,47,2,21,117,128,91,40,0,27,100,114,86,7
3130238,113,71,42,0,22,24,31,22,14,0,13,16,22,14,6,0,9,8,9,8,8
3110770,263,191,72,1,45,49,77,45,46,1,24,41,54,28,43,0,21,8,23,17,3
3110774,472,355,117,0,59,119,131,96,67,0,34,81,109,80,51,0,25,38,22,16,16
3110784,76,42,34,0,3,11,18,36,8,0,0,7,12,18,5,0,3,4,6,18,3
3120142,1551,846,705,2,234,279,348,384,304,0,69,143,190,230,214,2,165,136,158,154,90
3110790,741,337,404,1,74,163,282,161,60,1,46,71,89,77,53,0,28,92,193,84,7
3110767,11,0,11,0,4,3,3,1,0,0,0,0,0,0,0,0,4,3,3,1,0
3130243,7,5,2,0,0,1,4,0,2,0,0,1,3,0,1,0,0,0,1,0,1
3110816,517,401,116,1,72,136,153,67,88,1,49,108,114,49,80,0,23,28,39,18,8
3110795,533,356,177,0,20,49,80,128,256,0,8,36,48,74,190,0,12,13,32,54,66
3110805,45,27,18,0,6,12,12,8,7,0,2,7,6,5,7,0,4,5,6,3,0
3110797,47,8,39,1,6,8,12,10,10,0,0,0,1,2,5,1,6,8,11,8,5
3120147,1947,1238,709,5,286,452,370,367,467,2,93,310,249,264,320,3,193,142,121,103,147
3110760,1792,1091,701,8,273,444,499,376,192,6,170,256,275,219,165,2,103,188,224,157,27
3120149,69255,45888,23367,184,11383,22550,19240,12096,3802,34,5884,14085,14147,9350,2388,150,5499,8465,5093,2746,1414
3120148,31135,19451,11684,82,6815,10231,7641,4493,1873,27,3082,6187,5424,3397,1334,55,3733,4044,2217,1096,539
3130248,69,35,34,0,9,26,17,14,3,0,6,13,9,4,3,0,3,13,8,10,0
3110829,534,416,118,0,195,137,78,52,72,0,177,106,49,39,45,0,18,31,29,13,27
3110848,486,307,179,0,36,68,152,132,98,0,6,39,85,93,84,0,30,29,67,39,14
3130271,467,268,199,1,36,33,39,47,311,1,12,20,22,16,197,0,24,13,17,31,114
3110837,360,184,176,1,39,72,80,79,89,0,19,29,39,32,65,1,20,43,41,47,24
3130262,21,13,8,0,0,4,10,4,3,0,0,4,6,1,2,0,0,0,4,3,1
3110825,319,207,112,0,33,63,96,72,55,0,23,41,58,47,38,0,10,22,38,25,17
3130261,211,104,107,0,15,47,61,61,27,0,4,26,33,23,18,0,11,21,28,38,9
3130264,65,35,30,1,14,8,15,20,7,0,4,3,9,12,7,1,10,5,6,8,0
3110823,472,242,230,0,30,45,83,121,193,0,17,26,40,42,117,0,13,19,43,79,76
3110844,11,7,4,0,2,2,4,0,3,0,1,2,2,0,2,0,1,0,2,0,1
3130282,20,8,12,0,4,2,10,4,0,0,2,1,4,1,0,0,2,1,6,3,0
3110865,270,116,154,4,57,53,59,61,36,2,10,23,23,31,27,2,47,30,36,30,9
3110902,1184,729,455,1,189,266,295,248,185,0,82,168,204,156,119,1,107,98,91,92,66
3110887,12,5,7,0,1,3,4,4,0,0,0,0,1,4,0,0,1,3,3,0,0
3110860,410,314,96,1,57,102,66,110,74,1,44,84,47,78,60,0,13,18,19,32,14
3110883,208,124,84,2,21,43,70,48,24,1,12,25,42,28,16,1,9,18,28,20,8
3130288,2,0,2,0,1,1,0,0,0,0,0,0,0,0,0,0,1,1,0,0,0
3110894,20,8,12,0,2,4,3,6,5,0,0,2,1,2,3,0,2,2,2,4,2
3110869,1026,681,345,1,79,136,248,233,329,1,36,73,143,155,273,0,43,63,105,78,56
3110877,319,154,165,2,23,63,86,80,65,0,10,30,36,39,39,2,13,33,50,41,26
3130289,36,20,16,1,1,2,5,14,13,0,0,1,5,3,11,1,1,1,0,11,2
3110853,217,130,87,0,21,49,65,51,31,0,9,27,44,28,22,0,12,22,21,23,9
3110897,219,139,80,0,16,45,69,64,25,0,7,24,40,44,24,0,9,21,29,20,1
3120167,6925,4543,2382,24,790,1577,1689,1525,1320,10,416,1110,1328,1046,633,14,374,467,361,479,687
3110924,1071,732,339,5,171,236,323,252,84,1,78,150,243,200,60,4,93,86,80,52,24
3110922,219,112,107,1,42,47,47,42,40,0,13,23,27,23,26,1,29,24,20,19,14
3110909,132,97,35,1,11,29,23,34,34,1,4,19,16,29,28,0,7,10,7,5,6
3120163,491,290,201,0,55,119,99,86,132,0,28,73,57,50,82,0,27,46,42,36,50
3110929,21130,10703,10427,21,4446,4558,3912,7143,1050,4,1209,1890,1718,5123,759,17,3237,2668,2194,2020,291
3120168,794,492,302,1,124,237,200,130,102,0,48,130,143,98,73,1,76,107,57,32,29
3130301,89,47,42,0,24,20,24,9,12,0,7,13,15,4,8,0,17,7,9,5,4
3110946,41,21,20,0,2,4,8,13,14,0,2,2,6,3,8,0,0,2,2,10,6
3110980,663,482,181,0,90,198,202,111,62,0,45,142,168,72,55,0,45,56,34,39,7
3120207,11920,7343,4577,32,2669,4154,2699,1509,857,16,1106,2428,1922,1135,736,16,1563,1726,777,374,121
3120218,290,54,236,0,116,103,58,13,0,0,13,16,16,9,0,0,103,87,42,4,0
3120186,6518,3580,2938,19,1316,2133,1570,895,585,5,447,1174,950,573,431,14,869,959,620,322,154
3110951,267,70,197,0,35,83,95,47,7,0,6,24,26,12,2,0,29,59,69,35,5
3130306,235,151,84,2,48,48,63,45,29,2,27,34,47,23,18,0,21,14,16,22,11
3120208,11437,5280,6157,43,3488,4035,2275,1044,552,17,1116,1816,1308,628,395,26,2372,2219,967,416,157
3120214,3984,2897,1087,7,489,1172,1107,929,280,3,271,811,865,753,194,4,218,361,242,176,86
3111024,240,150,90,0,27,53,63,68,29,0,16,33,45,35,21,0,11,20,18,33,8
3111046,708,400,308,1,76,146,171,195,119,0,46,85,84,95,90,1,30,61,87,100,29
3111044,557,264,293,1,95,146,167,113,35,0,35,71,76,56,26,1,60,75,91,57,9
3111019,1458,963,495,2,199,428,415,246,168,2,101,294,294,157,115,0,98,134,121,89,53
3111007,936,480,456,0,107,215,255,242,117,0,43,116,142,109,70,0,64,99,113,133,47
3111004,2036,1331,705,13,263,407,504,376,473,0,108,261,337,239,386,13,155,146,167,137,87
3111033,70,30,40,0,5,4,16,16,29,0,2,3,8,9,8,0,3,1,8,7,21
3111018,26,23,3,0,1,5,10,6,4,0,1,4,8,6,4,0,0,1,2,0,0
3111078,1753,1022,731,1,135,300,379,488,450,1,75,186,215,270,275,0,60,114,164,218,175
3111082,64,44,20,0,3,9,11,23,18,0,1,3,5,18,17,0,2,6,6,5,1
3111086,297,202,95,1,27,45,73,101,50,1,17,22,52,69,41,0,10,23,21,32,9
3111051,394,242,152,2,65,77,85,88,77,1,44,54,54,47,42,1,21,23,31,41,35
3111064,157,98,59,0,13,34,47,40,23,0,3,21,30,28,16,0,10,13,17,12,7
3111070,121,70,51,1,7,20,39,27,27,0,3,9,23,16,19,1,4,11,16,11,8
3111057,254,112,142,2,53,50,64,60,25,2,15,19,30,32,14,0,38,31,34,28,11
3120007,10443,8282,2161,8,1148,3636,3182,1964,505,5,644,2891,2647,1702,393,3,504,745,535,262,112
3110018,829,408,421,0,92,166,209,160,202,0,27,55,100,80,146,0,65,111,109,80,56
3110006,27,16,11,0,2,7,7,5,6,0,2,5,2,3,4,0,0,2,5,2,2
3110012,1042,489,553,0,260,329,260,111,82,0,70,152,149,69,49,0,190,177,111,42,33
3120002,1989,1071,918,37,487,674,421,221,149,0,190,387,258,131,105,37,297,287,163,90,44
3120005,3049,2795,254,1,399,709,898,817,225,0,340,633,848,776,198,1,59,76,50,41,27
3120013,7536,5468,2068,8,1300,2502,2063,1294,369,1,626,1730,1678,1171,262,7,674,772,385,123,107
3120006,33181,16028,17153,59,5900,11133,9928,5489,672,14,2254,4920,4677,3672,491,45,3646,6213,5251,1817,181
3110019,325,215,110,0,47,91,82,71,34,0,21,65,53,49,27,0,26,26,29,22,7
3130016,2,1,1,0,0,1,1,0,0,0,0,0,1,0,0,0,0,1,0,0,0
3130019,29,22,7,0,6,6,5,4,8,0,4,3,4,4,7,0,2,3,1,0,1
3130001,63,31,32,0,4,16,12,13,18,0,2,4,7,7,11,0,2,12,5,6,7
3120037,35317,17057,18260,421,11234,9194,6979,5237,2252,180,5605,5543,3901,1328,500,241,5629,3651,3078,3909,1752
3110052,484,281,203,0,43,100,132,130,79,0,16,63,75,82,45,0,27,37,57,48,34
3120026,30610,18501,12109,14,4275,11589,8473,5661,598,4,1729,5846,5959,4562,401,10,2546,5743,2514,1099,197
3110038,1096,759,337,0,195,395,283,181,42,0,63,266,227,165,38,0,132,129,56,16,4
3130035,1190,736,454,1,96,200,284,312,297,0,56,117,154,191,218,1,40,83,130,121,79
3130033,169,121,48,0,7,29,54,39,40,0,3,19,35,30,34,0,4,10,19,9,6
3130034,14,7,7,0,2,4,5,2,1,0,1,2,2,2,0,0,1,2,3,0,1
3120042,4057,2797,1260,20,750,1490,1024,558,215,8,370,894,831,510,184,12,380,596,193,48,31
3110092,468,168,300,0,90,111,103,94,70,0,11,47,34,33,43,0,79,64,69,61,27
3110083,149,109,40,0,26,53,42,14,14,0,13,42,29,12,13,0,13,11,13,2,1
3110060,287,170,117,0,28,62,80,73,44,0,10,34,48,47,31,0,18,28,32,26,13
3110068,1090,615,475,8,161,257,250,224,190,6,60,135,151,138,125,2,101,122,99,86,65
3130058,109,78,31,0,13,19,25,26,26,0,7,12,15,21,23,0,6,7,10,5,3
3110091,1106,810,296,0,216,345,343,155,47,0,117,236,293,128,36,0,99,109,50,27,11
3110061,478,306,172,1,61,91,154,113,58,1,38,53,100,67,47,0,23,38,54,46,11
3110122,461,270,191,1,60,87,116,112,85,1,32,59,68,60,50,0,28,28,48,52,35
3130068,975,630,345,1,102,202,250,248,172,1,68,127,155,165,114,0,34,75,95,83,58
3110125,135,83,52,2,25,39,35,21,13,2,13,21,24,13,10,0,12,18,11,8,3
3130070,1017,698,319,6,178,260,218,222,133,4,105,180,144,157,108,2,73,80,74,65,25
3130066,360,178,182,0,42,76,102,95,45,0,17,37,53,44,27,0,25,39,49,51,18
3110178,165,108,57,0,21,38,33,47,26,0,13,31,16,34,14,0,8,7,17,13,12
3110147,815,464,351,4,120,172,160,137,222,2,56,88,104,77,137,2,64,84,56,60,85
3110154,255,146,109,1,31,54,61,65,43,1,16,34,30,34,31,0,15,20,31,31,12
3110151,249,175,74,4,35,52,63,66,29,3,24,37,49,41,21,1,11,15,14,25,8
3130083,111,68,43,0,15,21,29,24,22,0,7,14,20,10,17,0,8,7,9,14,5
3110162,618,370,248,0,127,163,133,111,84,0,98,119,77,43,33,0,29,44,56,68,51
3110171,59,36,23,0,4,8,7,22,18,0,1,2,3,15,15,0,3,6,4,7,3
3130079,40,29,11,0,5,6,6,10,13,0,4,4,5,6,10,0,1,2,1,4,3
3110217,506,391,115,1,34,105,144,124,98,1,25,88,116,84,77,0,9,17,28,40,21
3110225,330,204,126,0,22,36,68,83,121,0,9,25,42,55,73,0,13,11,26,28,48
3110218,158,83,75,0,14,25,45,60,14,0,5,12,22,33,11,0,9,13,23,27,3
3110188,807,607,200,8,104,178,229,191,97,2,68,150,181,132,74,6,36,28,48,59,23
3110184,398,205,193,0,77,135,72,64,50,0,37,51,33,45,39,0,40,84,39,19,11
3110213,124,81,43,0,19,57,17,15,16,0,7,41,13,7,13,0,12,16,4,8,3
3110220,193,111,82,0,28,37,54,47,27,0,7,18,33,34,19,0,21,19,21,13,8
3110230,161,101,60,0,15,32,52,45,17,0,6,22,33,28,12,0,9,10,19,17,5
3110216,208,68,140,1,32,48,62,50,15,1,11,14,18,18,6,0,21,34,44,32,9
3130091,36,27,9,0,1,3,11,14,7,0,0,3,8,10,6,0,1,0,3,4,1
3110275,63,33,30,0,4,9,19,16,15,0,3,6,9,5,10,0,1,3,10,11,5
3130112,86,28,58,0,13,17,24,19,13,0,0,3,6,8,11,0,13,14,18,11,2
3130109,47,33,14,0,2,9,16,9,11,0,1,5,13,5,9,0,1,4,3,4,2
3130107,13,3,10,0,0,1,4,5,3,0,0,0,0,1,2,0,0,1,4,4,1
3110276,29,18,11,0,1,4,8,9,7,0,0,3,5,6,4,0,1,1,3,3,3
3110240,97,39,58,2,20,13,28,16,18,1,3,8,7,8,12,1,17,5,21,8,6
3110299,372,241,131,1,33,49,83,95,111,0,9,12,40,74,106,1,24,37,43,21,5
3110302,3797,3177,620,1,364,1434,710,823,465,1,252,1274,656,702,292,0,112,160,54,121,173
3110333,988,746,242,0,15,23,38,74,838,0,2,13,20,42,669,0,13,10,18,32,169
3120074,59,28,31,1,12,16,12,8,10,0,5,9,7,2,5,1,7,7,5,6,5
3130125,40,20,20,0,5,6,7,8,14,0,0,2,5,5,8,0,5,4,2,3,6
3110295,679,248,431,0,166,178,163,119,53,0,36,67,49,52,44,0,130,111,114,67,9
3110290,96,78,18,0,2,9,29,37,19,0,1,8,23,30,16,0,1,1,6,7,3
3110284,562,506,56,0,5,59,181,229,88,0,4,49,161,211,81,0,1,10,20,18,7
3110315,124,78,46,0,11,17,41,38,17,0,4,9,27,25,13,0,7,8,14,13,4
3110311,18,9,9,0,0,2,8,3,5,0,0,1,3,1,4,0,0,1,5,2,1
3120077,218,97,121,0,32,37,52,64,33,0,11,8,18,38,22,0,21,29,34,26,11
3110355,306,254,52,0,8,26,44,103,125,0,1,10,31,94,118,0,7,16,13,9,7
3130135,24,12,12,0,0,3,4,5,12,0,0,2,2,0,8,0,0,1,2,5,4
3110372,188,100,88,0,21,43,50,48,26,0,17,25,18,20,20,0,4,18,32,28,6
3130129,911,571,340,0,15,14,38,89,755,0,1,4,12,40,514,0,14,10,26,49,241
3130130,20,14,6,0,1,1,7,5,6,0,0,0,6,3,5,0,1,1,1,2,1
3110405,1123,365,758,3,130,176,308,427,79,3,67,109,82,70,34,0,63,67,226,357,45
3130151,5,5,0,0,1,0,2,2,0,0,1,0,2,2,0,0,0,0,0,0,0
3110407,560,337,223,1,32,75,115,203,134,1,8,40,57,126,105,0,24,35,58,77,29
3130152,42,17,25,0,4,14,15,6,3,0,0,5,7,4,1,0,4,9,8,2,2
3110412,25,23,2,0,4,7,3,4,7,0,3,7,3,3,7,0,1,0,0,1,0
3130148,39,16,23,0,2,6,12,12,7,0,0,1,5,8,2,0,2,5,7,4,5
3110394,214,133,81,0,19,35,50,54,56,0,12,20,26,35,40,0,7,15,24,19,16
3110384,261,139,122,0,38,20,56,85,62,0,12,8,21,51,47,0,26,12,35,34,15
3110388,35,23,12,0,4,3,10,14,4,0,2,2,7,8,4,0,2,1,3,6,0
3110442,76,20,56,0,1,4,14,49,8,0,0,2,4,10,4,0,1,2,10,39,4
3110424,388,157,231,2,42,50,96,106,92,2,18,32,32,42,31,0,24,18,64,64,61
3110437,116,40,76,0,16,23,25,41,11,0,5,11,9,10,5,0,11,12,16,31,6
3110439,96,45,51,0,4,14,12,32,34,0,0,10,6,16,13,0,4,4,6,16,21
3110440,49,16,33,0,8,6,15,10,10,0,1,1,4,2,8,0,7,5,11,8,2
3110420,796,472,324,7,233,310,184,40,22,0,114,234,89,21,14,7,119,76,95,19,8
3110431,124,72,52,1,16,24,28,37,18,0,2,13,17,27,13,1,14,11,11,10,5
3110467,487,284,203,3,90,154,110,68,62,2,46,100,61,37,38,1,44,54,49,31,24
3110454,481,268,213,3,56,71,142,108,101,2,42,35,53,66,70,1,14,36,89,42,31
3110447,48,43,5,0,5,15,10,5,13,0,4,15,8,5,11,0,1,0,2,0,2
3110453,515,288,227,0,43,81,121,155,115,0,20,25,65,85,93,0,23,56,56,70,22
3110448,120,76,44,1,20,27,26,26,20,1,17,17,12,14,15,0,3,10,14,12,5
3110466,87,46,41,0,12,17,26,24,8,0,4,5,16,15,6,0,8,12,10,9,2
3130166,17,10,7,0,0,3,2,5,7,0,0,0,1,3,6,0,0,3,1,2,1
3110498,222,102,120,0,15,32,75,68,32,0,7,9,31,32,23,0,8,23,44,36,9
3110444,157,57,100,0,17,39,47,45,9,0,6,14,14,16,7,0,11,25,33,29,2
3130162,7,3,4,0,0,2,2,1,2,0,0,0,0,1,2,0,0,2,2,0,0
3110496,611,333,278,2,88,190,160,89,82,2,20,100,117,42,52,0,68,90,43,47,30
3130181,59,30,29,0,8,11,13,10,17,0,0,7,9,4,10,0,8,4,4,6,7
3110506,110,66,44,0,5,12,39,29,25,0,1,8,20,19,18,0,4,4,19,10,7
3110505,14,9,5,0,1,0,3,7,3,0,0,0,2,5,2,0,1,0,1,2,1
3110978,331,186,145,0,46,70,72,114,29,0,20,41,47,62,16,0,26,29,25,52,13
3120048,76,28,48,0,16,10,18,21,11,0,2,2,6,11,7,0,14,8,12,10,4
3110517,884,634,250,8,197,216,203,177,83,5,99,170,163,146,51,3,98,46,40,31,32
3130308,48,30,18,0,5,11,13,7,12,0,3,6,8,4,9,0,2,5,5,3,3
3110936,832,552,280,3,109,260,215,175,70,0,53,154,159,131,55,3,56,106,56,44,15
3110689,287,200,87,3,44,47,56,75,62,3,25,32,41,52,47,0,19,15,15,23,15
3110690,577,275,302,1,101,192,133,94,56,0,39,104,64,36,32,1,62,88,69,58,24
3110099,12646,10311,2335,33,1746,2596,3298,4558,415,25,904,1899,2859,4264,360,8,842,697,439,294,55
3130217,36,16,20,0,3,5,10,13,5,0,1,3,5,6,1,0,2,2,5,7,4
3110941,261,158,103,0,33,46,89,58,35,0,14,26,51,40,27,0,19,20,38,18,8
3110461,39,21,18,0,2,8,11,10,8,0,2,2,6,6,5,0,0,6,5,4,3
3110001,1048,625,423,4,130,286,237,257,134,0,48,170,160,167,80,4,82,116,77,90,54
3110916,1152,592,560,9,216,272,301,208,146,6,58,167,187,91,83,3,158,105,114,117,63
3110914,146,116,30,0,26,31,37,26,26,0,17,26,26,24,23,0,9,5,11,2,3
3110919,1289,936,353,3,122,279,365,332,188,1,51,165,297,279,143,2,71,114,68,53,45
3120179,20226,15999,4227,55,2836,6941,4949,3795,1650,32,1949,5811,4124,2895,1188,23,887,1130,825,900,462
3110981,361,216,145,2,57,77,110,81,34,0,27,36,72,56,25,2,30,41,38,25,9
3120191,13888,8123,5765,40,2898,3769,2969,1869,2343,17,1128,2152,2012,1134,1680,23,1770,1617,957,735,663
3110952,117,65,52,0,21,23,27,22,24,0,9,13,13,14,16,0,12,10,14,8,8
3120008,22070,13019,9051,1263,7895,5069,3940,2756,1147,589,4005,3077,2666,2006,676,674,3890,1992,1274,750,471
3130012,1319,965,354,2,156,325,348,339,149,0,116,251,238,247,113,2,40,74,110,92,36
3110026,190,120,70,0,22,41,73,27,27,0,9,28,47,14,22,0,13,13,26,13,5
3130014,17,8,9,0,0,6,4,4,3,0,0,2,1,3,2,0,0,4,3,1,1
3130015,22,12,10,0,0,2,8,9,3,0,0,2,6,2,2,0,0,0,2,7,1
3110031,72,57,15,0,11,17,12,21,11,0,8,11,11,17,10,0,3,6,1,4,1
3110016,2303,1051,1252,9,318,614,663,433,266,4,126,304,354,163,100,5,192,310,309,270,166
3110020,593,291,302,1,141,279,101,49,22,1,41,139,70,26,14,0,100,140,31,23,8
3110048,5315,2706,2609,21,867,1339,1513,1367,208,5,338,768,756,707,132,16,529,571,757,660,76
3110046,104,74,30,0,6,23,40,28,7,0,3,17,28,20,6,0,3,6,12,8,1
3110047,160,89,71,0,36,43,36,27,18,0,23,29,21,7,9,0,13,14,15,20,9
3130096,14,9,5,0,0,0,1,1,12,0,0,0,0,0,9,0,0,0,1,1,3
3130204,102,51,51,0,5,12,29,27,29,0,2,5,13,16,15,0,3,7,16,11,14
